x1,x2,x3,x4,x5,x6,x7,x8,x9,x10,x11,x12,x13,x14,x15,x16,x17,x18,x19,x20,x21,x22,x23,x24,x25,x26,x27,x28,x29,x30,x31,x32,x33,x34,x35,x36,x37,x38,x39,x40,x41,x42,x43,x44,x45,x46,x47,x48,x49,x50,x51,y
1,0,0,0,1,0.178571,0,1,0,0,0,0,1,0,0,0,0,0,0,0,0,0,0,0,0,0,0,1,0,0,1,0,0,0,0,0,0,0,0,0,0.298246,1,0,0,0,1,0,0,0,0,0,1
0,1,0,0.110226,0,0.178571,0,1,0,0,0,0,1,0,0,0,0,0,0,0,0,0,0,0,0,0,0,0,1,0,0,0,0,0,0,0,0,1,0,0,0,0,0,0,0,1,0,0,0,0,0,1
1,0,0,0.223008,0,0.129464,1,0,0,0,0,1,0,0,0,0,0,0,0,0,0,0,0,0,0,0,0,1,0,0,1,0,0,0,0,0,0,0,0,0,0.00877193,0,0,0,1,1,0,0,0.05,0,0,1
1,0,0,0.0789474,0,0.0625,0,1,0,0,0,0,1,0,0,1,0,0,0,0,0,0,0,0,0,0,0,0,0,0,1,0,0,0,0,0,0,0,0,0,0.0819298,0,0,0,1,1,0,0,0.056,0,0.16921,1
0,1,0,0.530075,0,0.0535714,1,0,0,0,0,1,0,0,0,0,0,0,0,1,0,0,0,0,0,0,0,0,0,0,0,0,0,1,0,0,0,0,0,0,0,1,0,0,1,1,0,0,0.05,0,0.289757,1
1,0,0,0.142857,0,0.142857,1,0,0,0,0,1,0,0,0,1,0,0,0,0,0,0,0,0,0,0,0,0,0,0,0,0,1,0,0,0,0,0,0,0,0.00877193,1,0,0,1,1,0,0,0.08,0,0,0
1,0,0,0.43609,0,0.145893,1,0,0,0,0,1,0,0,0,0,0,0,0,0,0,0,0,0,0,0,0,1,0,0,1,0,0,0,0,0,0,0,0,0,0.00140351,0,0,0,0,1,0,0,0.054,0,0.401315,1
1,0,0,0.43609,0,0.107143,1,0,0,0,0,1,0,0,0,0,0,0,1,0,0,0,0,0,0,0,0,0,0,0,0,0,1,0,0,0,0,0,0,0,0.0350877,1,0,0,0,1,0,0,0,0,0.461157,1
1,0,0,0.307068,0,0.1875,1,0,0,0,0,1,0,0,0,0,0,0,0,0,0,0,0,0,1,0,0,0,0,0,1,0,0,0,0,0,0,0,0,0,0.00298246,0,0,0,1,1,0,0,0.145,0,0.16921,0
1,0,0,0,1,0.0178571,1,0,0,0,0,1,0,0,0,1,0,0,0,0,0,0,0,0,0,0,0,0,0,0,0,0,1,0,0,0,0,0,0,0,0.0292982,1,0,0,1,0,0,1,0.16,0,0,1
0,1,0,0.254436,0,0.428571,1,0,0,0,0,1,0,0,0,1,0,0,0,0,0,0,0,0,0,0,0,0,0,0,1,0,0,0,0,0,0,0,0,0,0.0701754,1,1,0.0149254,0,1,0,0,0.11,0,0.260498,0
0,1,0,0.175489,0,0.0401786,1,0,0,0,0,1,0,0,0,0,0,0,0,0,0,0,0,1,0,0,0,0,0,0,1,0,0,0,0,0,0,0,0,0,0.0452632,1,1,0.0298507,0,1,0,0,0.1,0,0,1
1,0,0,0.427368,0,0.18,1,0,0,0,0,1,0,0,0,0,0,0,0,0,0,0,0,1,0,0,0,0,0,0,0,1,0,0,0,0,0,0,0,0,0.447368,1,0,0,1,1,0,0,0.046,0,0,0
0,1,0,0.0312782,0,0.0208929,1,0,0,0,0,1,0,0,0,1,0,0,0,0,0,0,0,0,0,0,0,0,0,0,0,1,0,0,0,0,0,0,0,0,0.0526316,1,1,0.0298507,0,1,0,0,0.05,0,0,0
1,0,0,0.0977444,0,0.355714,1,0,0,0,0,1,0,0,0,0,0,0,0,0,0,0,0,0,0,0,1,0,0,0,0,0,0,0,0,0,1,0,0,0,0,1,0,0,0,1,0,0,0,0,0,0
0,1,0,0.134135,0,0.0119643,1,0,0,0,0,1,0,0,0,0,0,0,0,0,0,0,0,1,0,0,0,0,0,0,1,0,0,0,0,0,0,0,0,0,0.0263158,0,0,0,0,0,0,1,0.08,0,0,1
0,1,0,0.134135,0,0.0282143,1,0,0,0,0,1,0,0,0,0,0,0,1,0,0,0,0,0,0,0,0,0,0,0,1,0,0,0,0,0,0,0,0,0,0.00298246,0,0,0,0,1,0,0,0.072,0,0,1
1,0,0,0.0876692,0,0.0208929,1,0,0,0,0,1,0,0,0,0,0,0,0,0,0,0,0,0,0,0,0,0,1,0,0,0,0,0,0,0,0,1,0,0,0,0,1,0.0447761,0,1,0,0,0.175,0,0.577947,1
1,0,0,0.423609,0,0.015,1,0,0,0,0,1,0,0,0,1,0,0,0,0,0,0,0,0,0,0,0,0,0,0,0,1,0,0,0,0,0,0,0,0,0.00736842,1,1,0.0895522,0,1,0,0,0.11,0,0.596123,0
1,0,0,0.516241,0,0.215714,1,0,0,0,0,1,0,0,0,0,0,0,0,0,1,0,0,0,0,0,0,0,0,0,1,0,0,0,0,0,0,0,0,0,0.00140351,0,0,0,0,1,0,0,0,0,0.686754,0
1,0,0,0.745564,0,0.0192857,1,0,0,0,0,1,0,0,0,1,0,0,0,0,0,0,0,0,0,0,0,0,0,0,1,0,0,0,0,0,0,0,0,0,0.0205263,1,1,0.0447761,1,1,0,0,0.09,0,0,1
0,1,0,0.203008,0,0.0103571,1,0,0,0,0,1,0,0,0,0,0,0,0,0,0,1,0,0,0,0,0,0,0,0,0,1,0,0,0,0,0,0,0,0,0.00438596,0,1,0.0149254,1,1,0,0,0.136,0,0.407943,1
0,1,0,0.161654,0,0.0371429,0,1,0,0,0,0,1,0,0,0,0,0,0,0,0,0,0,0,0,0,0,0,1,0,0,0,0,0,0,0,0,1,0,0,0.0175439,1,1,0.0447761,0,1,0,0,0.09,0,0.43454,1
1,0,0,0.27188,0,0.0892857,1,0,0,0,0,1,0,0,0,0,0,0,0,0,0,0,0,0,0,0,0,1,0,0,1,0,0,0,0,0,0,0,0,0,0.263158,1,0,0,1,1,0,0,0.2615,0,0,1
1,0,0,0.424812,0,0.349643,1,0,0,0,0,1,0,0,0,0,0,0,0,0,0,0,0,0,0,1,0,0,0,0,0,1,0,0,0,0,0,0,0,0,0.279298,1,1,0.119403,0,1,0,0,0,0,0,0
0,1,0,0,1,0.401786,1,0,0,0,0,1,0,0,0,0,0,0,0,0,0,0,0,0,0,0,0,0,1,0,0,0,0,0,0,0,0,1,0,0,0,0,0,0,0,1,0,0,0,0,0.744053,1
0,1,0,0.12782,0,0.0446429,0,1,0,0,0,0,1,0,0,0,0,0,0,0,0,0,0,0,0,0,0,0,1,0,0,0,0,0,0,0,0,1,0,0,0.114035,0,0,0,0,1,0,0,0.14,0,0,1
0,1,0,0.201805,0,0.0446429,1,0,0,0,0,1,0,0,0,0,0,0,0,0,0,0,0,0,0,0,0,0,1,0,0,0,0,0,0,0,0,1,0,0,0,0,1,0.0149254,0,1,0,0,0.046,0,0.49627,1
1,0,0,0.174135,0,0.0207143,1,0,0,0,0,1,0,0,0,1,0,0,0,0,0,0,0,0,0,0,0,0,0,0,1,0,0,0,0,0,0,0,0,0,0.0101754,1,1,0.104478,1,1,0,0,0.048,0,0.742773,0
0,1,0,0.209323,0,0.0728571,1,0,0,0,0,1,0,0,0,0,0,0,0,0,0,0,0,0,1,0,0,0,0,0,1,0,0,0,0,0,0,0,0,0,0.00877193,0,0,0,1,1,0,0,0.09,0,0.341898,1
0,1,0,0.0651128,0,0.0133929,0,0,1,0,0,0,0,1,0,0,0,1,0,0,0,0,0,0,0,0,0,0,0,0,0,0,0,0,0,0,0,1,0,0,0.350877,0,0,0,1,0,0,1,0.15,0,0,0
1,0,0,0.255639,0,0.0566071,1,0,0,0,0,1,0,0,0,0,1,0,0,0,0,0,0,0,0,0,0,0,0,0,1,0,0,0,0,0,0,0,0,0,0.0205263,0,0,0,1,0,0,1,0,0,0,1
1,0,0,0.27188,0,0.00142857,0,1,0,0,0,0,1,0,0,0,0,0,0,0,0,1,0,0,0,0,0,0,0,0,1,0,0,0,0,0,0,0,0,0,0.00140351,0,0,0,0,1,0,0,0,0,0,1
1,0,0,0.134135,0,0.0907143,0,1,0,0,0,0,1,0,0,1,0,0,0,0,0,0,0,0,0,0,0,0,0,0,0,1,0,0,0,0,0,0,0,0,0.0907018,1,0,0,0,1,0,0,0,0,0,0
0,1,0,0.651579,0,0.0119643,1,0,0,0,0,1,0,0,0,0,0,0,1,0,0,0,0,0,0,0,0,0,0,0,0,0,1,0,0,0,0,0,0,0,0.0350877,1,0,0,1,1,0,0,0.126,0,0.669157,1
1,0,0,0.246917,0,0.03875,0,1,0,0,0,0,1,0,0,1,0,0,0,0,0,0,0,0,0,0,0,0,0,0,1,0,0,0,0,0,0,0,0,0,0.00140351,0,0,0,0,1,0,0,0.085,0,0.451561,1
1,0,0,0.409774,0,0.00142857,1,0,0,0,0,1,0,0,0,0,0,0,0,0,0,0,0,0,0,0,1,0,0,0,1,0,0,0,0,0,0,0,0,0,0.00140351,0,1,0.0149254,0,0,0,1,0.28,0,0,0
1,0,0,0.136541,0,0.107143,1,0,0,0,0,1,0,0,0,0,0,0,0,0,0,1,0,0,0,0,0,0,0,0,1,0,0,0,0,0,0,0,0,0,0.0452632,1,1,0.0149254,0,1,0,0,0.13,0,0.581379,0
1,0,0,0.211729,0,0.142857,0,1,0,0,0,0,1,0,0,0,0,0,1,0,0,0,0,0,0,0,0,0,0,0,0,1,0,0,0,0,0,0,0,0,0.201754,1,1,0.0298507,1,1,0,0,0.0375,0,0,1
0,1,0,0.343308,0,0.0103571,1,0,0,0,0,1,0,0,0,0,0,0,0,0,0,0,0,0,0,0,0,0,1,0,0,0,0,0,0,0,0,1,0,0,0,0,1,0.149254,0,1,0,0,0.1,0,0.256038,1
1,0,0,0.162857,0,0.0446429,1,0,0,0,0,1,0,0,0,1,0,0,0,0,0,0,0,0,0,0,0,0,0,0,1,0,0,0,0,0,0,0,0,0,0.00877193,0,0,0,0,1,0,0,0.055,0,0,1
1,0,0,0.125263,0,0.0296429,1,0,0,0,0,1,0,0,0,1,0,0,0,0,0,0,0,0,0,0,0,0,0,0,0,1,0,0,0,0,0,0,0,0,0.0759649,0,0,0,1,1,0,0,0.064,0,0,0
1,0,0,0.568872,0,0.535714,1,0,0,0,0,1,0,0,0,1,0,0,0,0,0,0,0,0,0,0,0,0,0,0,1,0,0,0,0,0,0,0,0,0,0.298246,1,1,0.134328,0,1,0,0,0,0,0,0
1,0,0,0.134135,0,0.0267857,1,0,0,0,0,1,0,0,0,0,0,0,1,0,0,0,0,0,0,0,0,0,0,0,1,0,0,0,0,0,0,0,0,0,0.055614,0,1,0.0149254,1,1,0,0,0.2,0,0.200225,1
1,0,0,0.29203,0,0.108571,0,1,0,0,0,0,1,0,0,1,0,0,0,0,0,0,0,0,0,0,0,0,0,0,0,1,0,0,0,0,0,0,0,0,0.0715789,1,1,0.0149254,1,1,0,0,0.09,0,0.852146,0
0,1,0,0.137895,0,0.41375,1,0,0,0,0,1,0,0,0,0,0,1,0,0,0,0,0,0,0,0,0,0,0,0,1,0,0,0,0,0,0,0,0,0,0.00140351,1,0,0,0,1,0,0,0.04,0,0.62677,0
1,0,0,0.196692,0,0.0192857,1,0,0,0,0,1,0,0,0,0,0,0,0,0,1,0,0,0,0,0,0,0,0,0,0,0,0,0,0,0,0,1,0,0,0,0,0,0,0,1,0,0,0.05,0,0,1
0,1,0,0.457444,0,0.238036,1,0,0,0,0,1,0,0,0,0,0,0,0,0,0,0,0,1,0,0,0,0,0,0,1,0,0,0,0,0,0,0,0,0,0.258772,1,1,0.0447761,1,1,0,0,0,0,0,0
0,1,0,0.122857,0,0.416607,1,0,0,0,0,1,0,0,0,0,0,0,0,0,1,0,0,0,0,0,0,0,0,0,0,1,0,0,0,0,0,0,0,0,0.00298246,0,0,0,0,1,0,0,0.16,0,0.155805,1
0,1,0,0.659098,0,0.0714286,1,0,0,0,0,1,0,0,0,0,0,0,0,0,0,0,0,0,0,0,0,0,1,0,0,0,0,0,0,0,0,1,0,0,0.22807,0,1,0.0149254,0,1,0,0,0,0,0.208513,1
1,0,0,0.412331,0,0.0476786,1,0,0,0,0,1,0,0,0,0,1,0,0,0,0,0,0,0,0,0,0,0,0,0,1,0,0,0,0,0,0,0,0,0,0.00578947,0,0,0,0,1,0,0,0.084,0,0,1
1,0,0,0.285714,0,0.0833929,1,0,0,0,0,1,0,0,0,0,1,0,0,0,0,0,0,0,0,0,0,0,0,0,0,1,0,0,0,0,0,0,0,0,0.201754,0,0,0,1,1,0,0,0.146,0,0,1
1,0,0,0.64406,0,0.660714,1,0,0,0,0,1,0,0,0,0,1,0,0,0,0,0,0,0,0,0,0,0,0,0,0,0,1,0,0,0,0,0,0,0,0.526316,1,1,0.253731,1,1,0,0,0,0,0,0
0,1,0,0.112782,0,0.0833929,1,0,0,0,0,1,0,0,0,0,0,0,1,0,0,0,0,0,0,0,0,0,0,0,0,0,1,0,0,0,0,0,0,0,0.0175439,1,1,0.0597015,0,0,0,1,0.04,0,0,0
0,1,0,0.192932,0,0.0907143,0,1,0,0,0,0,1,0,0,0,0,0,0,0,0,0,0,0,0,0,0,0,1,0,0,0,0,0,0,0,0,1,0,0,0,0,0,0,1,1,0,0,0.09,0,0.357467,1
1,0,0,0.0965414,0,0.200893,1,0,0,0,0,1,0,0,0,0,0,0,0,0,0,0,0,0,1,0,0,0,0,0,1,0,0,0,0,0,0,0,0,0,0.06,1,0,0,0,0,0,1,0.06,0,0,0
1,0,0,0.572632,0,0.107143,0,1,0,0,0,0,1,0,0,0,0,0,0,0,0,0,0,0,0,0,0,0,1,0,0,0,0,0,0,0,0,1,0,0,0.0526316,0,0,0,0,1,0,0,0.09,0,0.139951,1
1,0,0,0.093985,0,0,1,0,0,0,0,1,0,0,0,0,1,0,0,0,0,0,0,0,0,0,0,0,0,0,1,0,0,0,0,0,0,0,0,0,0.0175439,0,0,0,0,1,0,0,0.072,0,0,1
1,0,0,0.101504,0,0.08625,1,0,0,0,0,1,0,0,0,1,0,0,0,0,0,0,0,0,0,0,0,0,0,0,1,0,0,0,0,0,0,0,0,0,0.0701754,1,1,0.164179,1,1,0,0,0.1,0,0.696235,0
1,0,0,0.339549,0,0.135357,1,0,0,0,0,1,0,0,0,0,0,0,0,0,0,0,0,0,1,0,0,0,0,0,1,0,0,0,0,0,0,0,0,0,0.0408772,1,0,0,1,1,0,0,0.1,0,0,1
1,0,0,0.617744,0,0.553571,1,0,0,0,0,1,0,0,0,0,0,0,0,0,0,0,0,0,0,0,1,0,0,0,0,0,0,0,0,1,0,0,0,0,0,1,1,0.298507,0,1,0,0,0.076,0,0.42393,1
1,0,0,0.386015,0,0.0610714,0,1,0,0,0,0,1,0,0,0,0,0,0,0,0,1,0,0,0,0,0,0,0,0,1,0,0,0,0,0,0,0,0,0,0.00578947,0,0,0,0,0,0,1,0.2,0,0,1
1,0,0,0.179248,0,0.116071,1,0,0,0,0,1,0,0,0,1,0,0,0,0,0,0,0,0,0,0,0,0,0,0,0,1,0,0,0,0,0,0,0,0,0.0803509,0,1,0.0149254,1,1,0,0,0.208,0,0.268786,1
1,0,0,0.370977,0,0.0251786,1,0,0,0,0,1,0,0,0,1,0,0,0,0,0,0,0,0,0,0,0,0,0,0,1,0,0,0,0,0,0,0,0,0,0.0131579,0,1,0.0298507,0,1,0,0,0.1125,0,0.540574,1
1,0,0,0.122857,0,0.0192857,0,1,0,0,0,0,1,0,0,0,0,0,0,0,0,0,0,0,0,1,0,0,0,0,1,0,0,0,0,0,0,0,0,0,0.00140351,1,1,0.0149254,1,1,0,0,0.42,0,0.35603,0
1,0,0,0.556391,0,0.0208929,1,0,0,0,0,1,0,0,0,0,0,0,0,0,0,0,0,0,0,0,0,0,1,0,0,0,0,0,0,0,0,1,0,0,0,0,0,0,0,1,0,0,0.0725,0,0,1
1,0,0,0.134135,0,0.0566071,0,1,0,0,0,0,1,0,0,0,0,0,0,0,0,0,0,0,1,0,0,0,0,0,1,0,0,0,0,0,0,0,0,0,0.108246,1,1,0.0895522,0,1,0,0,0.04,0,0,0
1,0,0,0.152932,0,0.02375,1,0,0,0,0,1,0,0,0,1,0,0,0,0,0,0,0,0,0,0,0,0,0,0,1,0,0,0,0,0,0,0,0,0,0.00578947,0,0,0,0,1,0,0,0.05,0,0,0
1,0,0,0.424812,0,0.00732143,1,0,0,0,0,1,0,0,0,0,0,0,1,0,0,0,0,0,0,0,0,0,0,0,0,1,0,0,0,0,0,0,0,0,0.179825,1,0,0,0,1,0,0,0.2,0,0,0
1,0,0,0,1,0.00142857,0,1,0,0,0,0,1,0,0,0,1,0,0,0,0,0,0,0,0,0,0,0,0,0,1,0,0,0,0,0,0,0,0,0,0.149123,0,0,0,1,1,0,0,0.23,0,0,1
0,1,0,0.0589474,0,0,0,1,0,0,0,0,1,0,0,0,0,0,0,1,0,0,0,0,0,0,0,0,0,0,0,0,0,0,0,0,0,1,0,0,0,0,0,0,0,1,0,0,0.043,0,0,1
1,0,0,0.170376,0,0.0610714,1,0,0,0,0,1,0,0,0,0,0,0,0,0,0,0,0,0,0,1,0,0,0,0,1,0,0,0,0,0,0,0,0,0,0.0584211,1,1,0.0149254,1,1,0,0,0.1975,0,0.264741,0
1,0,0,0.263158,0,0.10125,1,0,0,0,0,1,0,0,0,0,0,0,0,0,0,0,0,0,0,0,0,0,1,0,0,0,0,0,0,0,0,1,0,0,0,0,1,0.0746269,0,1,0,0,0.088,0,0.433951,1
1,0,0,0.29203,0,0.0357143,1,0,0,0,0,1,0,0,0,0,0,0,0,0,0,0,0,0,0,1,0,0,0,0,1,0,0,0,0,0,0,0,0,0,0.0263158,1,1,0.104478,1,1,0,0,0.17,0,0.722773,0
1,0,0,0.437293,0,0.0446429,1,0,0,0,0,1,0,0,0,0,0,0,0,0,0,1,0,0,0,0,0,0,0,0,1,0,0,0,0,0,0,0,0,0,0.486842,0,1,0.0149254,1,1,0,0,0.176,0,0.411077,1
1,0,0,0.211729,0,0.0535714,1,0,0,0,0,1,0,0,0,0,0,0,0,0,0,0,0,0,1,0,0,0,0,0,1,0,0,0,0,0,0,0,0,0,0.0789474,0,1,0.0149254,1,1,0,0,0.05,0,0.120547,1
1,0,0,0.140301,0,0.410714,1,0,0,0,0,1,0,0,0,0,0,0,1,0,0,0,0,0,0,0,0,0,0,0,1,0,0,0,0,0,0,0,0,0,0.122807,1,1,0.134328,0,1,0,0,0.028,0,0.574843,0
0,1,0,0.076391,0,0.340714,1,0,0,0,0,1,0,0,0,0,0,0,0,0,0,0,0,0,0,0,0,1,0,0,1,0,0,0,0,0,0,0,0,0,0.00298246,1,0,0,0,1,0,0,0.05,0,0,0
1,0,0,0.139098,0,0.0267857,1,0,0,0,0,1,0,0,0,0,0,0,0,0,0,1,0,0,0,0,0,0,0,0,1,0,0,0,0,0,0,0,0,0,0.0175439,0,0,0,1,0,0,1,0.16,0,0,1
1,0,0,0.0864662,0,0.342321,1,0,0,0,0,1,0,0,0,0,0,0,0,0,0,0,0,0,0,0,0,1,0,0,1,0,0,0,0,0,0,0,0,0,0.0277193,0,0,0,0,1,0,0,0.04,0,0.509634,1
1,0,0,0.310827,0,0.0476786,1,0,0,0,0,1,0,0,0,0,0,0,1,0,0,0,0,0,0,0,0,0,0,0,0,0,1,0,0,0,0,0,0,0,0.00438596,0,0,0,1,1,0,0,0.22,0,0.731483,1
0,1,0,0.5,0,0.464286,1,0,0,0,0,1,0,0,0,0,0,0,1,0,0,0,0,0,0,0,0,0,0,0,0,0,1,0,0,0,0,0,0,0,0.181228,1,1,0.134328,1,1,0,0,0,0,0,0
1,0,0,0.111579,0,0.03125,0,1,0,0,0,0,1,0,0,1,0,0,0,0,0,0,0,0,0,0,0,0,0,0,0,1,0,0,0,0,0,0,0,0,0.00877193,0,0,0,0,1,0,0,0.14,0,0.46287,1
1,0,0,0.269474,0,0.577321,1,0,0,0,0,1,0,0,0,0,1,0,0,0,0,0,0,0,0,0,0,0,0,0,1,0,0,0,0,0,0,0,0,0,0.105263,1,1,0.134328,0,1,0,0,0.125,0,0.573427,0
1,0,0,0.171729,0,0.125,1,0,0,0,0,1,0,0,0,0,0,1,0,0,0,0,0,0,0,0,0,0,0,0,1,0,0,0,0,0,0,0,0,0,0.0219298,1,1,0.104478,0,1,0,0,0,0,0.770626,0
1,0,0,0.354586,0,0.0951786,1,0,0,0,0,1,0,0,0,0,0,1,0,0,0,0,0,0,0,0,0,0,0,0,1,0,0,0,0,0,0,0,0,0,0.00578947,0,0,0,1,1,0,0,0,0,0.540748,1
0,1,0,0.130376,0,0.401786,0,1,0,0,0,0,1,0,0,0,0,0,0,0,0,0,0,0,0,1,0,0,0,0,0,1,0,0,0,0,0,0,0,0,0.0263158,1,1,0.0597015,0,1,0,0,0,0,0.502135,0
0,1,0,0.0726316,0,0.357143,1,0,0,0,0,1,0,0,0,0,1,0,0,0,0,0,0,0,0,0,0,0,0,0,1,0,0,0,0,0,0,0,0,0,0.0145614,0,0,0,0,1,0,0,0.04,0,0.327061,1
0,1,0,0.670376,0,0.357143,1,0,0,0,0,1,0,0,0,0,0,0,0,0,0,0,0,1,0,0,0,0,0,0,1,0,0,0,0,0,0,0,0,0,0.140351,1,1,0.208955,0,1,0,0,0,0,0.641707,0
1,0,0,0.180451,0,0.0267857,1,0,0,0,0,1,0,0,0,1,0,0,0,0,0,0,0,0,0,0,0,0,0,0,0,0,1,0,0,0,0,0,0,0,0.00877193,1,0,0,0,1,0,0,0.1745,0,0.276353,0
0,1,0,0.174135,0,0.0744643,1,0,0,0,0,1,0,0,0,1,0,0,0,0,0,0,0,0,0,0,0,0,0,0,0,1,0,0,0,0,0,0,0,0,0.0964912,1,0,0,1,1,0,0,0.18,0,0.0602737,1
0,0,1,0.407218,0,0.125,1,0,0,0,0,1,0,0,0,0,0,0,1,0,0,0,0,0,0,0,0,0,0,0,0,0,1,0,0,0,0,0,0,0,0.0175439,0,0,0,0,0,0,1,0.58,0,0,1
1,0,0,0.162857,0,0.446429,1,0,0,0,0,1,0,0,0,0,0,0,0,0,0,0,0,0,1,0,0,0,0,0,1,0,0,0,0,0,0,0,0,0,0.0307018,1,0,0,1,1,0,0,0.13,0,0,1
1,0,0,0.403459,0,0.1175,1,0,0,0,0,1,0,0,0,0,0,0,0,0,0,1,0,0,0,0,0,0,0,0,1,0,0,0,0,0,0,0,0,0,0.122807,0,0,0,1,0,0,1,0.2,0,0,1
1,0,0,0.304511,0,0.196429,0,1,0,0,0,0,1,0,0,1,0,0,0,0,0,0,0,0,0,0,0,0,0,0,1,0,0,0,0,0,0,0,0,0,0.0526316,0,0,0,1,1,0,0,0.03,0,0,1
1,0,0,0.140301,0,0.410714,1,0,0,0,0,1,0,0,0,0,0,0,0,0,0,0,0,0,1,0,0,0,0,0,0,1,0,0,0,0,0,0,0,0,0.0745614,1,1,0.164179,1,1,0,0,0.145,0,0.491521,0
1,0,0,0.398496,0,0.767857,1,0,0,0,0,1,0,0,0,0,0,0,0,0,0,0,0,0,0,0,1,0,0,0,0,0,0,0,0,1,0,0,0,0,0.701754,1,1,0.164179,0,1,0,0,0,0,0.616601,0
1,0,0,0.441053,0,0.0133929,0,1,0,0,0,0,1,0,0,1,0,0,0,0,0,0,0,0,0,0,0,0,0,0,1,0,0,0,0,0,0,0,0,0,0.0131579,1,1,0.119403,1,1,0,0,0.15,0,0.442935,0
1,0,0,0.210526,0,0.0460714,1,0,0,0,0,1,0,0,0,0,0,0,0,0,1,0,0,0,0,0,0,0,0,0,0,1,0,0,0,0,0,0,0,0,0.00877193,0,0,0,1,0,0,1,0.07,0,0,1
1,0,0,0.393534,0,0.178571,1,0,0,0,0,1,0,0,0,0,0,0,1,0,0,0,0,0,0,0,0,0,0,0,0,0,1,0,0,0,0,0,0,0,0.00736842,0,0,0,0,1,0,0,0.275,0,0,1
0,1,0,0.186767,0,0.0714286,1,0,0,0,0,1,0,0,0,0,0,0,0,1,0,0,0,0,0,0,0,0,0,0,0,0,0,1,0,0,0,0,0,0,0,0,0,0,1,1,0,0,0.138,0,0.0602737,1
1,0,0,0.093985,0,0.0446429,0,1,0,0,0,0,1,0,0,0,0,0,0,0,1,0,0,0,0,0,0,0,0,0,1,0,0,0,0,0,0,0,0,0,0.00438596,0,0,0,0,1,0,0,0.07,0,0.139951,1
0,1,0,0.223008,0,0.126429,1,0,0,0,0,1,0,0,0,0,0,0,1,0,0,0,0,0,0,0,0,0,0,0,0,0,1,0,0,0,0,0,0,0,0.0175439,1,0,0,1,1,0,0,0.0855,0,0,1
0,1,0,0.250677,0,0.0491071,1,0,0,0,0,1,0,0,0,0,0,0,0,0,0,0,0,0,1,0,0,0,0,0,0,1,0,0,0,0,0,0,0,0,0.00140351,0,1,0.0447761,0,1,0,0,0,0,0.30664,1
1,0,0,0.0890226,0,0.0133929,1,0,0,0,0,1,0,0,0,0,0,0,0,0,0,0,0,1,0,0,0,0,0,0,1,0,0,0,0,0,0,0,0,0,0.0701754,1,1,0.0298507,1,1,0,0,0.04,0,0,0
0,1,0,0.165414,0,0.107143,1,0,0,0,0,1,0,0,0,0,0,0,0,0,0,0,0,1,0,0,0,0,0,0,0,1,0,0,0,0,0,0,0,0,0.064386,1,1,0.283582,0,1,0,0,0,0,0.540574,0
0,1,0,0.0902256,0,0.0267857,1,0,0,0,0,1,0,0,0,1,0,0,0,0,0,0,0,0,0,0,0,0,0,0,1,0,0,0,0,0,0,0,0,0,0.0278947,1,1,0.0746269,1,1,0,0,0.07,0,0.155805,1
1,0,0,0.095188,0,0.00892857,1,0,0,0,0,1,0,0,0,0,0,0,0,0,0,0,0,1,0,0,0,0,0,0,1,0,0,0,0,0,0,0,0,0,0.00438596,0,0,0,0,1,0,0,0.1,0,0,1
0,1,0,0.322105,0,0.133929,1,0,0,0,0,1,0,0,0,0,0,0,0,0,0,0,0,0,0,0,0,0,1,0,0,0,0,0,0,0,0,1,0,0,0,0,1,0.0895522,0,1,0,0,0,0,0.461157,1
0,1,0,0.185414,0,0.309464,1,0,0,0,0,1,0,0,0,0,0,0,0,0,0,0,0,0,0,0,0,1,0,0,1,0,0,0,0,0,0,0,0,0,0.0496491,1,0,0,0,1,0,0,0.08,0,0.436285,0
1,0,0,0.135338,0,0.410714,1,0,0,0,0,1,0,0,0,0,0,0,1,0,0,0,0,0,0,0,0,0,0,0,1,0,0,0,0,0,0,0,0,0,0.0145614,0,0,0,0,1,0,0,0,0,0,1
1,0,0,0.203008,0,0.0594643,1,0,0,0,0,1,0,0,0,0,0,1,0,0,0,0,0,0,0,0,0,0,0,0,0,1,0,0,0,0,0,0,0,0,0.178421,1,1,0.134328,0,1,0,0,0.1995,0,0.584262,0
1,0,0,0.337143,0,0.196429,1,0,0,0,0,1,0,0,0,0,0,0,1,0,0,0,0,0,0,0,0,0,0,0,0,0,1,0,0,0,0,0,0,0,0.175439,0,0,0,0,1,0,0,0.105,0,0.568156,1
1,0,0,0.296992,0,0.0625,1,0,0,0,0,1,0,0,0,0,0,0,0,0,0,0,0,0,0,1,0,0,0,0,0,1,0,0,0,0,0,0,0,0,0.157895,1,1,0.0597015,1,1,0,0,0.1265,0,0.587357,0
0,1,0,0.595188,0,0.00589286,1,0,0,0,0,1,0,0,0,0,0,0,0,0,0,0,0,0,0,0,0,0,1,0,0,0,0,0,0,0,0,1,0,0,0,0,0,0,1,0,0,1,0.031,0,0.289757,1
1,0,0,0.537594,0,0.270893,1,0,0,0,0,1,0,0,0,0,0,0,1,0,0,0,0,0,0,0,0,0,0,0,0,0,1,0,0,0,0,0,0,0,0.26614,1,1,0.223881,1,1,0,0,0,0,0.740643,0
1,0,0,0.45985,0,0.0178571,1,0,0,0,0,1,0,0,0,0,0,0,1,0,0,0,0,0,0,0,0,0,0,0,0,1,0,0,0,0,0,0,0,0,0.175439,1,0,0,1,1,0,0,0.16,0,0,0
1,0,0,0.0500752,0,0.00892857,1,0,0,0,0,1,0,0,0,0,0,0,0,0,0,0,0,1,0,0,0,0,0,0,1,0,0,0,0,0,0,0,0,0,0.0117544,0,1,0.0597015,0,1,0,0,0.08,0,0.191063,1
1,0,0,0.323308,0,0.589286,0,1,0,0,0,0,1,0,0,1,0,0,0,0,0,0,0,0,0,0,0,0,0,0,1,0,0,0,0,0,0,0,0,0,0.140351,1,0,0,0,1,0,0,0.04,0,0,1
0,1,0,0.270677,0,0.107143,0,1,0,0,0,0,1,0,0,0,0,0,0,1,0,0,0,0,0,0,0,0,0,0,0,0,0,1,0,0,0,0,0,0,0,0,0,0,0,1,0,0,0.08,0,0.264741,1
0,1,0,0.166617,0,0.160714,1,0,0,0,0,1,0,0,0,0,0,0,0,0,0,0,0,0,1,0,0,0,0,0,1,0,0,0,0,0,0,0,0,0,0.0350877,0,0,0,1,1,0,0,0.18,0,0.16921,1
0,1,0,0.134135,0,0.0267857,1,0,0,0,0,1,0,0,0,1,0,0,0,0,0,0,0,0,0,0,0,0,0,0,1,0,0,0,0,0,0,0,0,0,0.0701754,0,1,0.0298507,1,1,0,0,0.1,0,0.519903,1
1,0,0,0.121504,0,0.00892857,1,0,0,0,0,1,0,0,0,0,1,0,0,0,0,0,0,0,0,0,0,0,0,0,0,1,0,0,0,0,0,0,0,0,0.0233333,1,0,0,1,1,0,0,0,0,0,0
1,0,0,0.472481,0,0.0535714,1,0,0,0,0,1,0,0,0,1,0,0,0,0,0,0,0,0,0,0,0,0,0,0,1,0,0,0,0,0,0,0,0,0,0.0877193,1,0,0,1,1,0,0,0.07,0,0,1
0,1,0,0.704211,0,0.589286,1,0,0,0,0,1,0,0,0,0,0,0,0,0,0,0,0,1,0,0,0,0,0,0,1,0,0,0,0,0,0,0,0,0,0.385965,1,0,0,1,1,0,0,0.0105,0,0.805654,0
1,0,0,0.279398,0,0.0892857,1,0,0,0,0,1,0,0,0,1,0,0,0,0,0,0,0,0,0,0,0,0,0,0,1,0,0,0,0,0,0,0,0,0,0.0438596,0,0,0,1,1,0,0,0.14,0,0,1
0,1,0,0.131579,0,0.392857,0,1,0,0,0,0,1,0,0,0,0,0,0,0,0,0,0,1,0,0,0,0,0,0,1,0,0,0,0,0,0,0,0,0,0.105263,1,0,0,1,1,0,0,0.134,0,0,1
1,0,0,0.357143,0,0.0625,0,1,0,0,0,0,1,0,0,1,0,0,0,0,0,0,0,0,0,0,0,0,0,0,0,0,1,0,0,0,0,0,0,0,0.00877193,1,0,0,1,1,0,0,0.082,0,0.521214,1
0,1,0,0.180451,0,0.0178571,1,0,0,0,0,1,0,0,0,1,0,0,0,0,0,0,0,0,0,0,0,0,0,0,0,1,0,0,0,0,0,0,0,0,0.0307018,1,0,0,1,1,0,0,0.2455,0,0,0
1,0,0,0.274436,0,0.0625,0,1,0,0,0,0,1,0,0,0,0,0,0,0,0,0,0,0,0,0,1,0,0,0,0,1,0,0,0,0,0,0,0,0,0.00140351,1,0,0,1,1,0,0,0.1965,0,0,0
1,0,0,0.358346,0,0,0,0,0,0,1,0,0,0,1,0,0,0,0,0,0,0,0,0,0,0,0,0,0,1,0,0,0,0,0,0,0,0,0,1,0,0,0,0,0,0,1,0,0,0,0,0
1,0,0,0.305714,0,0.00285714,0,1,0,0,0,0,1,0,0,0,0,0,0,0,0,1,0,0,0,0,0,0,0,0,0,0,1,0,0,0,0,0,0,0,0.00140351,1,1,0.0149254,1,1,0,0,0.14,0,0.660992,0
1,0,0,0.308271,0,0.107143,1,0,0,0,0,1,0,0,0,0,0,1,0,0,0,0,0,0,0,0,0,0,0,0,0,1,0,0,0,0,0,0,0,0,0.260175,1,0,0,1,1,0,0,0,0,0,0
0,1,0,0.482406,0,0.375,1,0,0,0,0,1,0,0,0,0,0,0,0,0,0,0,0,1,0,0,0,0,0,0,1,0,0,0,0,0,0,0,0,0,0.175439,1,1,0.104478,1,1,0,0,0,0,0,0
0,1,0,0.038797,0,0.0075,1,0,0,0,0,1,0,0,0,0,0,0,0,0,0,0,0,0,0,0,0,1,0,0,1,0,0,0,0,0,0,0,0,0,0.00438596,0,0,0,0,1,0,0,0.1,0,0.0602737,1
1,0,0,0.245564,0,0.0371429,0,1,0,0,0,0,1,0,0,0,0,0,1,0,0,0,0,0,0,0,0,0,0,0,0,0,1,0,0,0,0,0,0,0,0.0175439,1,1,0.149254,1,1,0,0,0.066,0,0.292808,1
1,0,0,0.12406,0,0.0282143,1,0,0,0,0,1,0,0,0,0,0,0,0,0,0,0,0,0,1,0,0,0,0,0,1,0,0,0,0,0,0,0,0,0,0.0101754,0,1,0.0149254,0,1,0,0,0.21,0,0.491215,1
0,1,0,0.0538346,0,0.339286,1,0,0,0,0,1,0,0,0,0,0,0,0,0,0,0,0,0,0,0,0,1,0,0,1,0,0,0,0,0,0,0,0,0,0.0614035,0,1,0.149254,1,1,0,0,0,0,0.208513,1
1,0,0,0.057594,0,0.357143,1,0,0,0,0,1,0,0,0,0,0,0,0,0,0,0,0,0,1,0,0,0,0,0,0,1,0,0,0,0,0,0,0,0,0.00578947,0,1,0.0149254,0,1,0,0,0.06,0,0.0602737,1
0,1,0,0.10406,0,0.0655357,1,0,0,0,0,1,0,0,0,0,0,0,0,0,0,0,0,1,0,0,0,0,0,0,1,0,0,0,0,0,0,0,0,0,0.0731579,1,1,0.0746269,0,1,0,0,0.11,0,0.680491,0
1,0,0,0.155338,0,0.03125,1,0,0,0,0,1,0,0,0,0,0,0,0,0,0,1,0,0,0,0,0,0,0,0,1,0,0,0,0,0,0,0,0,0,0.00298246,0,1,0.0597015,0,1,0,0,0.127,0,0.658791,1
0,1,0,0.773233,0,0.5,1,0,0,0,0,1,0,0,0,0,0,0,0,0,0,0,0,0,0,0,0,0,1,0,0,0,0,0,0,0,0,1,0,0,0,1,1,0.164179,1,1,0,0,0,0,0.629995,0
1,0,0,0.696692,0,0.517857,1,0,0,0,0,1,0,0,0,0,0,0,0,0,0,0,0,0,0,0,0,0,1,0,0,0,0,0,0,0,0,1,0,0,0.631579,1,1,0.223881,1,1,0,0,0,0,0.600761,0
0,1,0,0,1,0.0535714,1,0,0,0,0,1,0,0,0,0,0,0,0,0,0,0,0,0,0,0,0,0,1,0,0,0,0,0,0,0,0,1,0,0,0,0,1,0.0298507,1,1,0,0,0.1,0,0.405516,1
1,0,0,0,1,0.0133929,1,0,0,0,0,1,0,0,0,0,1,0,0,0,0,0,0,0,0,0,0,0,0,0,1,0,0,0,0,0,0,0,0,0,0.0307018,1,0,0,1,0,0,1,0.464,0,0,1
0,1,0,0.236842,0,0.0164286,1,0,0,0,0,1,0,0,0,0,0,0,0,0,1,0,0,0,0,0,0,0,0,0,1,0,0,0,0,0,0,0,0,0,0.0189474,1,1,0.0597015,0,1,0,0,0.19,0,0.540574,0
1,0,0,0.126617,0,0.0803571,1,0,0,0,0,1,0,0,0,0,0,0,1,0,0,0,0,0,0,0,0,0,0,0,1,0,0,0,0,0,0,0,0,0,0.00438596,0,0,0,0,1,0,0,0.08,0,0.208513,1
1,0,0,0.194286,0,0.151786,1,0,0,0,0,1,0,0,0,0,0,1,0,0,0,0,0,0,0,0,0,0,0,0,1,0,0,0,0,0,0,0,0,0,0.150526,1,1,0.0149254,1,1,0,0,0.06,0,0,0
1,0,0,0.161654,0,0.47625,0,1,0,0,0,0,1,0,0,0,0,0,0,0,0,0,0,0,0,0,0,1,0,0,1,0,0,0,0,0,0,0,0,0,0.00140351,0,0,0,1,1,0,0,0.06,0,0.536123,1
1,0,0,0.184211,0,0.0357143,1,0,0,0,0,1,0,0,0,0,0,0,0,0,0,0,0,1,0,0,0,0,0,0,1,0,0,0,0,0,0,0,0,0,0.0614035,1,0,0,1,1,0,0,0.14,0,0,0
0,1,0,0.0413534,0,0.0446429,1,0,0,0,0,1,0,0,0,0,0,0,0,0,0,0,0,1,0,0,0,0,0,0,1,0,0,0,0,0,0,0,0,0,0.00877193,0,1,0.0149254,0,1,0,0,0.054,0,0.399576,1
0,1,0,0.076391,0,0.157679,0,1,0,0,0,0,1,0,0,1,0,0,0,0,0,0,0,0,0,0,0,0,0,0,0,1,0,0,0,0,0,0,0,0,0.105263,1,0,0,0,1,0,0,0.12,0,0,0
0,1,0,0.169173,0,0.392857,0,1,0,0,0,0,1,0,0,0,0,0,0,0,0,0,0,0,0,0,0,1,0,0,1,0,0,0,0,0,0,0,0,0,0.157895,1,0,0,0,1,0,0,0.06,0,0,1
1,0,0,0.249323,0,0.0178571,1,0,0,0,0,1,0,0,0,0,1,0,0,0,0,0,0,0,0,0,0,0,0,0,0,1,0,0,0,0,0,0,0,0,0.00298246,0,0,0,1,0,0,1,0.126,0,0,1
0,1,0,0.0890226,0,0.0075,1,0,0,0,0,1,0,0,0,0,0,0,0,0,0,0,0,1,0,0,0,0,0,0,0,1,0,0,0,0,0,0,0,0,0.0101754,1,1,0.164179,0,1,0,0,0.04,0,0.40045,0
1,0,0,0.105263,0,0.181607,0,1,0,0,0,0,1,0,0,0,0,0,0,1,0,0,0,0,0,0,0,0,0,0,1,0,0,0,0,0,0,0,0,0,0.0101754,0,0,0,0,1,0,0,0.07,0,0.453944,1
1,0,0,0.125263,0,0.392857,1,0,0,0,0,1,0,0,0,0,0,1,0,0,0,0,0,0,0,0,0,0,0,0,1,0,0,0,0,0,0,0,0,0,0.0233333,1,0,0,0,1,0,0,0.05,0,0,0
1,0,0,0.388421,0,0.178571,1,0,0,0,0,1,0,0,0,0,0,0,0,0,0,0,0,0,0,0,0,0,1,0,0,0,0,0,0,0,0,1,0,0,0,0,1,0.0298507,0,1,0,0,0.0085,0,0.0602737,1
1,0,0,0.056391,0,0.785714,0,0,1,0,0,0,0,1,0,0,0,0,0,0,0,0,0,0,0,0,0,0,1,0,0,0,0,0,0,0,0,0,1,0,0,0,0,0,1,0,1,0,0.225,0,1.00112,0
1,0,0,0.224361,0,0.333393,1,0,0,0,0,1,0,0,0,0,0,0,0,0,0,0,0,1,0,0,0,0,0,0,0,1,0,0,0,0,0,0,0,0,0.198772,1,1,0.0895522,0,1,0,0,0.1905,0,0.446078,0
1,0,0,0.523759,0,0.232143,1,0,0,0,0,1,0,0,0,0,0,0,0,0,0,0,0,1,0,0,0,0,0,0,0,1,0,0,0,0,0,0,0,0,0.210526,1,0,0,1,1,0,0,0.175,0,0,0
1,0,0,0.60406,0,0.34375,1,0,0,0,0,1,0,0,0,0,0,0,0,0,0,0,0,0,0,0,1,0,0,0,1,0,0,0,0,0,0,0,0,0,0.304035,1,1,0.0746269,0,1,0,0,0,0,0,0
1,0,0,0.458647,0,0.0178571,1,0,0,0,0,1,0,0,0,0,0,0,0,0,0,1,0,0,0,0,0,0,0,0,1,0,0,0,0,0,0,0,0,0,0.377193,1,0,0,0,0,0,1,0.2,0,0,1
1,0,0,0.279398,0,0.267857,1,0,0,0,0,1,0,0,0,0,0,0,0,0,0,0,0,0,0,0,1,0,0,0,0,0,1,0,0,0,0,0,0,0,0.055614,1,0,0,1,0,0,1,0.21,0,0,1
1,0,0,0.380902,0,0.214286,1,0,0,0,0,1,0,0,0,0,0,0,0,0,0,1,0,0,0,0,0,0,0,0,1,0,0,0,0,0,0,0,0,0,0.0452632,1,1,0.0746269,1,1,0,0,0.054,0,0.608804,0
1,0,0,0.344662,0,0.157679,0,1,0,0,0,0,1,0,0,0,0,0,0,0,1,0,0,0,0,0,0,0,0,0,1,0,0,0,0,0,0,0,0,0,0.00877193,1,1,0.149254,1,1,0,0,0.16,0,0,0
0,1,0,0.517594,0,0.0476786,1,0,0,0,0,1,0,0,0,0,0,0,1,0,0,0,0,0,0,0,0,0,0,0,0,0,0,0,0,0,0,0,1,0,0.0117544,0,0,0,0,1,0,0,0,0,0.417025,1
1,0,0,0.139098,0,0.0223214,0,1,0,0,0,0,1,0,0,0,0,0,0,0,0,0,0,0,0,0,0,1,0,0,1,0,0,0,0,0,0,0,0,0,0.00438596,1,0,0,0,1,0,0,0.09,0,0.0602737,1
0,0,1,0.428571,0,0.0625,0,1,0,0,0,0,1,0,0,0,0,0,0,0,0,0,0,0,0,0,0,0,0,1,0,0,0,0,0,0,0,0,0,1,0,0,0,0,1,1,0,0,0.075,0,0.0602737,1
1,0,0,0.134135,0,0.375,1,0,0,0,0,1,0,0,0,0,0,0,0,0,0,0,0,1,0,0,0,0,0,0,0,1,0,0,0,0,0,0,0,0,0.0468421,1,0,0,0,1,0,0,0.05,0,0,0
0,1,0,0.225564,0,0.133929,1,0,0,0,0,1,0,0,0,1,0,0,0,0,0,0,0,0,0,0,0,0,0,0,1,0,0,0,0,0,0,0,0,0,0.0380702,1,1,0.0149254,1,1,0,0,0.1855,0,0,0
1,0,0,0.0639098,0,0.00589286,1,0,0,0,0,1,0,0,0,0,0,0,0,0,0,0,0,1,0,0,0,0,0,0,0,0,0,0,1,0,0,0,0,0,0.00736842,0,0,0,0,1,0,0,0.1,0,0.322919,0
1,0,0,0.076391,0,0.0148214,0,1,0,0,0,0,1,0,0,1,0,0,0,0,0,0,0,0,0,0,0,0,0,0,1,0,0,0,0,0,0,0,0,0,0.00578947,0,1,0.0149254,0,1,0,0,0.1,0,0.0602737,1
1,0,0,0.140301,0,0,1,0,0,0,0,1,0,0,0,0,0,0,0,0,1,0,0,0,0,0,0,0,0,0,1,0,0,0,0,0,0,0,0,0,0.0350877,0,1,0.164179,0,0,0,1,0,0,0,1
1,0,0,0.337143,0,0.015,0,1,0,0,0,0,1,0,0,0,0,0,0,0,0,0,0,0,1,0,0,0,0,0,1,0,0,0,0,0,0,0,0,0,0.0101754,0,0,0,1,1,0,0,0.1545,0,0.0955315,1
1,0,0,0.076391,0,0,1,0,0,0,0,1,0,0,0,0,0,0,0,0,0,0,0,1,0,0,0,0,0,0,1,0,0,0,0,0,0,0,0,0,0.0233333,0,0,0,0,1,0,0,0.08,0,0.0602737,1
1,0,0,0.26812,0,0.0267857,0,1,0,0,0,0,1,0,0,0,0,0,0,0,0,0,0,0,0,0,0,1,0,0,1,0,0,0,0,0,0,0,0,0,0.122807,0,0,0,1,1,0,0,0.16,0,0,1
0,1,0,0.169173,0,0.03125,1,0,0,0,0,1,0,0,0,0,0,0,0,0,0,0,0,0,0,1,0,0,0,0,0,1,0,0,0,0,0,0,0,0,0.0364912,1,0,0,1,1,0,0,0.08,0,0.754441,0
0,1,0,0.345865,0,0.168214,1,0,0,0,0,1,0,0,0,0,0,0,0,0,0,0,0,0,0,0,0,0,1,0,0,0,0,0,0,0,0,1,0,0,0,0,0,0,0,1,0,0,0.08,0,0,1
1,0,0,0.316992,0,0.0892857,0,1,0,0,0,0,1,0,0,0,0,0,0,0,0,0,0,0,1,0,0,0,0,0,1,0,0,0,0,0,0,0,0,0,0.105263,0,0,0,0,0,0,1,0.1,0,0,1
1,0,0,0.467368,0,0.25,0,1,0,0,0,0,1,0,0,1,0,0,0,0,0,0,0,0,0,0,0,0,0,0,1,0,0,0,0,0,0,0,0,0,0.0570175,0,0,0,0,1,0,0,0.08,0,0.0955315,1
1,0,0,0.159098,0,0.236607,0,1,0,0,0,0,1,0,0,0,1,0,0,0,0,0,0,0,0,0,0,0,0,0,1,0,0,0,0,0,0,0,0,0,0.192982,1,0,0,1,0,0,1,0.05,0,0,0
1,0,0,0.209323,0,0.0714286,1,0,0,0,0,1,0,0,0,0,0,0,0,0,0,0,0,0,0,1,0,0,0,0,0,1,0,0,0,0,0,0,0,0,0.0350877,1,1,0.0597015,0,1,0,0,0.07,0,0.776404,0
1,0,0,0.125263,0,0.0833929,1,0,0,0,0,1,0,0,0,0,0,0,0,0,1,0,0,0,0,0,0,0,0,0,1,0,0,0,0,0,0,0,0,0,0.0263158,0,0,0,0,1,0,0,0.09,0,0,1
1,0,0,0.328271,0,0.0267857,1,0,0,0,0,1,0,0,0,0,0,0,0,0,1,0,0,0,0,0,0,0,0,0,1,0,0,0,0,0,0,0,0,0,0.0526316,0,0,0,1,1,0,0,0.1155,0,0,1
1,0,0,0.20797,0,0.116071,0,1,0,0,0,0,1,0,0,0,0,0,0,0,0,0,0,1,0,0,0,0,0,0,0,1,0,0,0,0,0,0,0,0,0.178421,0,1,0.0298507,1,1,0,0,0.1845,0,0.0602737,1
1,0,0,0.20797,0,0.0728571,0,1,0,0,0,0,1,0,0,0,0,0,0,0,0,0,0,0,0,0,0,1,0,0,1,0,0,0,0,0,0,0,0,0,0.0701754,1,1,0.0447761,1,1,0,0,0.185,0,0.550411,0
1,0,0,0.442406,0,0.178571,1,0,0,0,0,1,0,0,0,0,0,0,1,0,0,0,0,0,0,0,0,0,0,0,0,0,1,0,0,0,0,0,0,0,0.0789474,0,0,0,1,1,0,0,0.0705,0,0,1
0,1,0,0.139098,0,0.0655357,1,0,0,0,0,1,0,0,0,0,0,0,0,1,0,0,0,0,0,0,0,0,0,0,0,0,0,1,0,0,0,0,0,0,0,0,1,0.0149254,0,1,0,0,0.1,0,0.346868,1
1,0,0,0.388421,0,0.496964,1,0,0,0,0,1,0,0,0,0,0,0,0,0,0,0,0,0,1,0,0,0,0,0,1,0,0,0,0,0,0,0,0,0,0.302632,1,1,0.0895522,1,1,0,0,0.035,0,0,0
1,0,0,0.510075,0,0.0892857,1,0,0,0,0,1,0,0,0,0,0,0,0,0,0,1,0,0,0,0,0,0,0,0,0,0,1,0,0,0,0,0,0,0,0.0877193,1,1,0.179104,1,1,0,0,0.205,0,0.680734,0
1,0,0,0.611579,0,0.0178571,0,1,0,0,0,0,1,0,0,0,0,0,0,0,1,0,0,0,0,0,0,0,0,0,0,1,0,0,0,0,0,0,0,0,0.138947,1,0,0,0,1,0,0,0.09,0,0.500224,0
1,0,0,0.776992,0,0.392857,1,0,0,0,0,1,0,0,0,0,0,0,0,0,0,0,0,0,0,0,1,0,0,0,0,0,0,0,0,1,0,0,0,0,0.701754,1,1,0.104478,1,1,0,0,0.011,0,0,0
1,0,0,0.100301,0,0.03875,1,0,0,0,0,1,0,0,0,0,0,0,0,0,0,0,0,1,0,0,0,0,0,0,1,0,0,0,0,0,0,0,0,0,0.0526316,0,0,0,0,1,0,0,0.054,0,0.180821,1
1,0,0,0.421053,0,0.0342857,1,0,0,0,0,1,0,0,0,0,0,0,0,0,0,0,0,0,0,1,0,0,0,0,1,0,0,0,0,0,0,0,0,0,0.0877193,1,0,0,0,1,0,0,0.255,0,0.5564,0
0,1,0,0.25188,0,0.232143,1,0,0,0,0,1,0,0,0,1,0,0,0,0,0,0,0,0,0,0,0,0,0,0,0,0,1,0,0,0,0,0,0,0,0.140351,1,1,0.104478,1,1,0,0,0,0,0.698098,0
1,0,0,0,0,0.142857,0,1,0,0,0,0,1,0,0,0,0,0,0,0,0,0,0,0,1,0,0,0,0,0,1,0,0,0,0,0,0,0,0,0,0.0614035,1,1,0.0298507,1,1,0,0,0.06,0,0.600761,0
1,0,0,0.135338,0,0.392857,1,0,0,0,0,1,0,0,0,0,0,0,0,0,0,0,0,1,0,0,0,0,0,0,1,0,0,0,0,0,0,0,0,0,0.0877193,1,1,0.104478,1,1,0,0,0.05,0,0.582351,0
1,0,0,0.14406,0,0.0535714,1,0,0,0,0,1,0,0,0,1,0,0,0,0,0,0,0,0,0,0,0,0,0,0,0,1,0,0,0,0,0,0,0,0,0.0496491,1,0,0,0,1,0,0,0.211,0,0.461157,0
1,0,0,0,1,0.0223214,1,0,0,0,0,1,0,0,0,0,0,0,0,0,1,0,0,0,0,0,0,0,0,0,1,0,0,0,0,0,0,0,0,0,0.00877193,0,0,0,0,1,0,0,0.19,0,0.661425,1
0,1,0,0.0338346,0,0.00589286,1,0,0,0,0,1,0,0,0,0,0,0,0,0,0,0,0,0,0,0,0,1,0,0,1,0,0,0,0,0,0,0,0,0,0.0350877,0,1,0.0298507,1,1,0,0,0.16,0,0.0602737,1
1,0,0,0.169173,0,0.446429,1,0,0,0,0,1,0,0,0,0,0,0,0,0,0,0,0,0,0,0,0,1,0,0,1,0,0,0,0,0,0,0,0,0,0.105263,1,0,0,1,0,0,1,0.01,0,0,0
0,1,0,0.414737,0,0.0357143,1,0,0,0,0,1,0,0,0,0,0,0,1,0,0,0,0,0,0,0,0,0,0,0,0,0,1,0,0,0,0,0,0,0,0.0789474,1,0,0,1,1,0,0,0,0,0.49627,0
1,0,0,0.340902,0,0.0267857,0,1,0,0,0,0,1,0,0,0,1,0,0,0,0,0,0,0,0,0,0,0,0,0,1,0,0,0,0,0,0,0,0,0,0.0205263,0,0,0,0,1,0,0,0.12,0,0.120547,1
1,0,0,0.403459,0,0.178571,1,0,0,0,0,1,0,0,0,1,0,0,0,0,0,0,0,0,0,0,0,0,0,0,1,0,0,0,0,0,0,0,0,0,0.175439,1,1,0.104478,0,1,0,0,0,0,0.698098,0
1,0,0,0.315789,0,0.0892857,1,0,0,0,0,1,0,0,0,0,0,1,0,0,0,0,0,0,0,0,0,0,0,0,0,0,1,0,0,0,0,0,0,0,0.0175439,0,0,0,0,1,0,0,0.174,0,0,1
0,1,0,0.548872,0,0.0298214,1,0,0,0,0,1,0,0,0,0,0,0,0,0,0,0,0,0,0,0,0,1,0,0,1,0,0,0,0,0,0,0,0,0,0.0175439,0,0,0,1,1,0,0,0.12,0,0.414842,1
0,1,0,0.150376,0,0.0253571,1,0,0,0,0,1,0,0,0,0,0,0,0,0,0,0,0,0,1,0,0,0,0,0,1,0,0,0,0,0,0,0,0,0,0.00877193,0,1,0.0149254,1,1,0,0,0.12,0,0.139951,1
0,1,0,0.293233,0,0.0892857,0,1,0,0,0,0,1,0,0,1,0,0,0,0,0,0,0,0,0,0,0,0,0,0,1,0,0,0,0,0,0,0,0,0,0.0877193,0,0,0,1,1,0,0,0,0,0.0955315,1
0,1,0,0.316992,0,0.0446429,0,1,0,0,0,0,1,0,0,0,0,0,1,0,0,0,0,0,0,0,0,0,0,0,0,1,0,0,0,0,0,0,0,0,0.0175439,0,0,0,1,1,0,0,0.08,0,0,1
1,0,0,0.216842,0,0.00446429,0,1,0,0,0,0,1,0,0,0,0,0,0,0,1,0,0,0,0,0,0,0,0,0,1,0,0,0,0,0,0,0,0,0,0.00298246,0,0,0,0,1,0,0,0.108,0,0.665232,1
1,0,0,0.0651128,0,0.196429,1,0,0,0,0,1,0,0,0,0,0,0,0,0,1,0,0,0,0,0,0,0,0,0,1,0,0,0,0,0,0,0,0,0,0.0175439,1,0,0,0,1,0,0,0.04,0,0,0
0,1,0,0.546316,0,0.447857,1,0,0,0,0,1,0,0,0,0,0,0,0,0,0,0,0,0,0,0,0,1,0,0,1,0,0,0,0,0,0,0,0,0,0.0803509,1,1,0.0447761,1,1,0,0,0.078,0,0,0
0,1,0,0.709323,0,0.178571,1,0,0,0,0,1,0,0,0,0,0,0,0,0,0,0,0,0,0,0,0,1,0,0,1,0,0,0,0,0,0,0,0,0,0.140351,1,1,0.0597015,0,1,0,0,0,0,0.40045,0
1,0,0,0.241805,0,0.0446429,0,1,0,0,0,0,1,0,0,0,0,0,0,0,1,0,0,0,0,0,0,0,0,0,1,0,0,0,0,0,0,0,0,0,0.00877193,0,0,0,0,1,0,0,0.112,0,0,1
1,0,0,0.360902,0,0.25,1,0,0,0,0,1,0,0,0,0,0,0,0,0,0,0,0,1,0,0,0,0,0,0,0,1,0,0,0,0,0,0,0,0,0.403509,1,1,0.104478,1,1,0,0,0.15,0,0.155805,1
1,0,0,0.305714,0,0.0892857,1,0,0,0,0,1,0,0,0,1,0,0,0,0,0,0,0,0,0,0,0,0,0,0,1,0,0,0,0,0,0,0,0,0,0.0350877,0,0,0,0,1,0,0,0.23,0,0.246366,1
1,0,0,0.733083,0,0.455357,0,1,0,0,0,0,1,0,0,1,0,0,0,0,0,0,0,0,0,0,0,0,0,0,0,1,0,0,0,0,0,0,0,0,0.175439,1,0,0,0,1,0,0,0.056,0,0,1
1,0,0,0.656692,0,0.303571,1,0,0,0,0,1,0,0,0,0,0,0,0,0,0,0,0,0,0,0,1,0,0,0,0,1,0,0,0,0,0,0,0,0,0.245614,1,1,0.0447761,0,1,0,0,0,0,0,0
0,1,0,0.0627068,0,0.0192857,1,0,0,0,0,1,0,0,0,1,0,0,0,0,0,0,0,0,0,0,0,0,0,0,1,0,0,0,0,0,0,0,0,0,0.0614035,0,1,0.0149254,1,1,0,0,0.04,0,0.155805,1
1,0,0,0.179248,0,0.0789286,0,1,0,0,0,0,1,0,0,0,0,0,0,0,0,0,0,0,0,0,0,1,0,0,1,0,0,0,0,0,0,0,0,0,0.140351,1,0,0,0,1,0,0,0.094,0,0,1
0,1,0,0.0476692,0,0.0178571,1,0,0,0,0,1,0,0,0,0,0,0,1,0,0,0,0,0,0,0,0,0,0,0,1,0,0,0,0,0,0,0,0,0,0.00578947,0,1,0.0895522,1,1,0,0,0.12,0,0.31161,1
0,1,0,0.300752,0,0.0267857,1,0,0,0,0,1,0,0,0,0,0,0,0,0,1,0,0,0,0,0,0,0,0,0,0,0,1,0,0,0,0,0,0,0,0.0350877,1,1,0.0447761,1,1,0,0,0.106,0,0,1
1,0,0,0.181654,0,0.458393,1,0,0,0,0,1,0,0,0,0,0,1,0,0,0,0,0,0,0,0,0,0,0,0,1,0,0,0,0,0,0,0,0,0,0.0175439,0,0,0,0,1,0,0,0,0,0.0955315,1
1,0,0,0.379699,0,0.178571,1,0,0,0,0,1,0,0,0,0,0,1,0,0,0,0,0,0,0,0,0,0,0,0,1,0,0,0,0,0,0,0,0,0,0.122807,1,1,0.149254,1,1,0,0,0,0,0,0
1,0,0,0.142857,0,0.450893,1,0,0,0,0,1,0,0,0,1,0,0,0,0,0,0,0,0,0,0,0,0,0,0,1,0,0,0,0,0,0,0,0,0,0.00438596,0,1,0.0298507,0,1,0,0,0,0,0.749747,1
0,1,0,0.095188,0,0.0446429,1,0,0,0,0,1,0,0,0,1,0,0,0,0,0,0,0,0,0,0,0,0,0,0,1,0,0,0,0,0,0,0,0,0,0,0,0,0,0,1,0,0,0,0,0,1
0,1,0,0.132782,0,0.383929,1,0,0,0,0,1,0,0,0,0,0,0,0,0,0,0,0,1,0,0,0,0,0,0,1,0,0,0,0,0,0,0,0,0,0.0145614,1,1,0.0746269,1,1,0,0,0,0,0.550411,0
1,0,0,0.35594,0,0.0728571,1,0,0,0,0,1,0,0,0,0,0,0,0,0,0,0,0,0,1,0,0,0,0,0,1,0,0,0,0,0,0,0,0,0,0.00140351,1,0,0,1,1,0,0,0.2,0,0.753547,0
1,0,0,0.256842,0,0,1,0,0,0,0,1,0,0,0,0,0,0,0,0,0,0,0,0,1,0,0,0,0,0,1,0,0,0,0,0,0,0,0,0,0.0438596,1,1,0.0149254,0,1,0,0,0.101,0,0,0
1,0,0,0,1,0.375,1,0,0,0,0,1,0,0,0,0,0,0,0,0,0,0,0,0,0,1,0,0,0,0,1,0,0,0,0,0,0,0,0,0,0.22807,1,0,0,0,1,0,0,0,0,0,0
1,0,0,0.345865,0,0.00446429,0,1,0,0,0,0,1,0,0,1,0,0,0,0,0,0,0,0,0,0,0,0,0,0,1,0,0,0,0,0,0,0,0,0,0.0526316,0,0,0,1,1,0,0,0.116,0,0.411843,0
0,1,0,0.20797,0,0.107143,1,0,0,0,0,1,0,0,0,0,0,0,0,0,0,1,0,0,0,0,0,0,0,0,1,0,0,0,0,0,0,0,0,0,0.0978947,0,1,0.0149254,1,1,0,0,0.14,0,0.208513,1
1,0,0,0.179248,0,0.446429,1,0,0,0,0,1,0,0,0,0,0,1,0,0,0,0,0,0,0,0,0,0,0,0,1,0,0,0,0,0,0,0,0,0,0.0424561,1,1,1,1,1,0,0,0.07,0,0.483202,0
1,0,0,0.155338,0,0.321429,1,0,0,0,0,1,0,0,0,0,0,0,0,0,0,0,0,0,0,0,0,1,0,0,1,0,0,0,0,0,0,0,0,0,0.00877193,0,0,0,1,1,0,0,0,0,0,1
1,0,0,0.275639,0,0.142857,0,1,0,0,0,0,1,0,0,0,0,1,0,0,0,0,0,0,0,0,0,0,0,0,1,0,0,0,0,0,0,0,0,0,0.0526316,0,0,0,1,1,0,0,0.06,0,0,1
1,0,0,0.119098,0,0.0416071,0,1,0,0,0,0,1,0,0,0,0,0,0,0,1,0,0,0,0,0,0,0,0,0,1,0,0,0,0,0,0,0,0,0,0.0877193,1,1,0.0149254,0,1,0,0,0.09,0,0.264741,1
1,0,0,0.565113,0,0.357143,1,0,0,0,0,1,0,0,0,0,0,0,1,0,0,0,0,0,0,0,0,0,0,0,0,0,1,0,0,0,0,0,0,0,0,1,1,0.164179,0,1,0,0,0,0,0.620078,0
1,0,0,0.100301,0,0.25,1,0,0,0,0,1,0,0,0,1,0,0,0,0,0,0,0,0,0,0,0,0,0,0,1,0,0,0,0,0,0,0,0,0,0.0570175,1,1,0.0447761,0,1,0,0,0.1,0,0.629435,0
1,0,0,0.273233,0,0.159286,1,0,0,0,0,1,0,0,0,0,0,1,0,0,0,0,0,0,0,0,0,0,0,0,0,1,0,0,0,0,0,0,0,0,0.21193,1,1,0.0447761,0,1,0,0,0.1555,0,0.49627,0
0,1,0,0.0326316,0,0.102679,1,0,0,0,0,1,0,0,0,0,0,0,0,0,0,0,0,1,0,0,0,0,0,0,1,0,0,0,0,0,0,0,0,0,0.00298246,0,0,0,0,1,0,0,0.06,0,0,1
1,0,0,0.14782,0,0.0164286,0,1,0,0,0,0,1,0,0,0,0,0,0,0,0,0,0,0,1,0,0,0,0,0,1,0,0,0,0,0,0,0,0,0,0.0921053,1,1,0.0895522,1,1,0,0,0.104,0,0.508887,1
1,0,0,0.129023,0,0.392857,1,0,0,0,0,1,0,0,0,0,0,0,0,0,0,0,0,0,1,0,0,0,0,0,1,0,0,0,0,0,0,0,0,0,0.0701754,1,1,0.0149254,0,1,0,0,0.04,0,0.489671,0
0,1,0,0.172932,0,0.482143,0,1,0,0,0,0,1,0,0,0,0,0,0,0,0,0,0,0,0,0,0,0,1,0,0,0,0,0,0,0,0,1,0,0,0.0701754,0,1,0.0149254,1,1,0,0,0.1,0,0.0602737,1
1,0,0,0.100301,0,0,0,0,0,0,1,0,0,0,1,0,0,0,0,0,0,0,0,0,0,0,0,0,0,1,0,0,0,0,0,0,0,0,0,1,0,0,0,0,0,0,1,0,0,0,0,1
0,1,0,0.0300752,0,0.0133929,1,0,0,0,0,1,0,0,0,1,0,0,0,0,0,0,0,0,0,0,0,0,0,0,1,0,0,0,0,0,0,0,0,0,0.0350877,0,0,0,0,1,0,0,0.06,0,0.256038,1
1,0,0,0.35218,0,0.142857,1,0,0,0,0,1,0,0,0,1,0,0,0,0,0,0,0,0,0,0,0,0,0,0,0,0,1,0,0,0,0,0,0,0,0.175439,1,0,0,1,0,0,1,0.14,0,0,1
1,0,0,0.918496,0,0.678571,0,1,0,0,0,0,1,0,0,0,0,0,0,0,0,0,0,0,0,0,0,0,1,0,0,0,0,0,0,0,0,1,0,0,0.00140351,0,1,0.0298507,0,1,0,0,0,0,0.509881,1
1,0,0,0.169173,0,0.401786,1,0,0,0,0,1,0,0,0,1,0,0,0,0,0,0,0,0,0,0,0,0,0,0,1,0,0,0,0,0,0,0,0,0,0.0877193,1,1,0.253731,0,1,0,0,0.1,0,0.617178,0
0,1,0,0.221805,0,0.0357143,1,0,0,0,0,1,0,0,0,0,0,0,0,0,0,0,0,1,0,0,0,0,0,0,1,0,0,0,0,0,0,0,0,0,0.0350877,1,1,0.0298507,1,1,0,0,0.0835,0,0.540574,1
1,0,0,0.339549,0,0.0758929,0,1,0,0,0,0,1,0,0,0,0,0,0,0,0,0,0,0,1,0,0,0,0,0,1,0,0,0,0,0,0,0,0,0,0.00298246,1,1,0.0149254,0,1,0,0,0.025,0,0.615654,0
1,0,0,0.219248,0,0.178571,1,0,0,0,0,1,0,0,0,0,0,0,0,0,0,0,0,0,1,0,0,0,0,0,1,0,0,0,0,0,0,0,0,0,0.385965,1,0,0,1,1,0,0,0.035,0,0,0
1,0,0,0.0664662,0,0.0878571,1,0,0,0,0,1,0,0,0,1,0,0,0,0,0,0,0,0,0,0,0,0,0,0,0,0,0,0,1,0,0,0,0,0,0.0336842,0,1,0.0298507,1,1,0,0,0.08,0,0.554498,1
0,0,1,0.191729,0,0.0967857,0,1,0,0,0,0,1,0,0,0,0,0,0,0,0,0,0,0,0,0,0,0,0,1,0,0,0,0,0,0,0,0,0,1,0.00298246,0,0,0,0,0,0,1,0.04,0,0,1
0,1,0,0.131579,0,0.0148214,1,0,0,0,0,1,0,0,0,0,0,0,1,0,0,0,0,0,0,0,0,0,0,0,1,0,0,0,0,0,0,0,0,0,0.0117544,0,0,0,1,0,0,1,0.072,0,0,1
1,0,0,0.239398,0,0.0505357,1,0,0,0,0,1,0,0,0,0,0,0,0,0,0,0,0,0,1,0,0,0,0,0,0,1,0,0,0,0,0,0,0,0,0.0263158,1,1,0.0149254,0,1,0,0,0.12,0,0.401315,0
0,1,0,0.486165,0,0.107143,1,0,0,0,0,1,0,0,0,1,0,0,0,0,0,0,0,0,0,0,0,0,0,0,1,0,0,0,0,0,0,0,0,0,0.0833333,1,1,0.119403,1,1,0,0,0.198,0,0.724632,0
1,0,0,0,1,0.142857,1,0,0,0,0,1,0,0,0,0,0,0,0,0,0,0,0,0,0,1,0,0,0,0,1,0,0,0,0,0,0,0,0,0,0.175439,1,1,0.0447761,1,1,0,0,0.145,0,0.672342,0
1,0,0,0.194286,0,0.0967857,0,1,0,0,0,0,1,0,0,0,0,1,0,0,0,0,0,0,0,0,0,0,0,0,1,0,0,0,0,0,0,0,0,0,0.184211,1,1,0.0149254,0,1,0,0,0.1055,0,0,0
0,1,0,0.131579,0,0.303571,1,0,0,0,0,1,0,0,0,0,0,0,0,0,0,0,0,1,0,0,0,0,0,0,1,0,0,0,0,0,0,0,0,0,0.0614035,1,1,0.149254,0,1,0,0,0.04,0,0.599888,1
1,0,0,0.368421,0,0.361607,0,1,0,0,0,0,1,0,0,0,0,0,0,0,1,0,0,0,0,0,0,0,0,0,1,0,0,0,0,0,0,0,0,0,0.00438596,0,0,0,0,1,0,0,0.08,0,0,1
0,1,0,0.506316,0,0.285714,1,0,0,0,0,1,0,0,0,0,0,0,0,0,0,0,0,0,0,0,1,0,0,0,0,0,1,0,0,0,0,0,0,0,0.22807,1,1,0.0895522,0,1,0,0,0.1875,0,0.942744,0
0,1,0,0.100301,0,0.375,0,1,0,0,0,0,1,0,0,0,0,0,0,0,0,0,0,0,0,1,0,0,0,0,0,1,0,0,0,0,0,0,0,0,0,0,0,0,1,1,0,0,0.077,0,0.304044,1
1,0,0,0.235639,0,0.0446429,1,0,0,0,0,1,0,0,0,0,0,0,0,0,0,0,0,0,1,0,0,0,0,0,1,0,0,0,0,0,0,0,0,0,0.0614035,0,0,0,0,1,0,0,0.1,0,0,1
1,0,0,0.160451,0,0.440536,1,0,0,0,0,1,0,0,0,0,0,0,0,0,0,0,0,1,0,0,0,0,0,0,0,1,0,0,0,0,0,0,0,0,0.055614,1,0,0,1,1,0,0,0.06,0,0,0
0,1,0,0.825865,0,0.535714,1,0,0,0,0,1,0,0,0,0,0,0,0,0,0,0,0,0,0,0,1,0,0,0,0,0,0,0,0,1,0,0,0,0,0,1,1,0.208955,0,1,0,0,0,0,0.706499,0
1,0,0,0.0965414,0,0.291786,1,0,0,0,0,1,0,0,0,0,0,0,0,0,0,0,0,0,0,0,0,1,0,0,1,0,0,0,0,0,0,0,0,0,0.0687719,1,1,0.208955,0,1,0,0,0.03,0,0.440774,0
1,0,0,0.532632,0,0.0817857,1,0,0,0,0,1,0,0,0,0,0,0,0,0,0,0,0,0,0,0,0,0,1,0,0,0,0,0,0,0,0,1,0,0,0.0101754,0,0,0,0,1,0,0,0.1,0,0.120547,1
0,1,0,0.542556,0,0.485179,1,0,0,0,0,1,0,0,0,0,0,0,0,0,1,0,0,0,0,0,0,0,0,0,0,1,0,0,0,0,0,0,0,0,0.298246,1,0,0,1,1,0,0,0,0,0,0
0,1,0,0.119098,0,0.410714,0,1,0,0,0,0,1,0,0,0,0,0,0,1,0,0,0,0,0,0,0,0,0,0,0,0,0,1,0,0,0,0,0,0,0,1,1,0.164179,1,1,0,0,0,0,0,0
1,0,0,0.241805,0,0.125,1,0,0,0,0,1,0,0,0,1,0,0,0,0,0,0,0,0,0,0,0,0,0,0,1,0,0,0,0,0,0,0,0,0,0.00578947,0,0,0,0,1,0,0,0.108,0,0,1
1,0,0,0.189173,0,0.464286,1,0,0,0,0,1,0,0,0,0,0,0,0,0,0,0,0,0,0,0,1,0,0,0,0,0,0,0,0,0,1,0,0,0,0,0,0,0,1,1,0,0,0.07,0,0.609827,1
0,1,0,0.145414,0,0.0282143,0,1,0,0,0,0,1,0,0,0,0,0,0,0,0,0,0,1,0,0,0,0,0,0,1,0,0,0,0,0,0,0,0,0,0.0526316,1,1,0.0298507,1,1,0,0,0.04,0,0.521214,0
1,0,0,0.0815038,0,0,0,1,0,0,0,0,1,0,0,0,0,0,0,0,0,1,0,0,0,0,0,0,0,0,0,0,1,0,0,0,0,0,0,0,0,0,0,0,1,0,0,1,0.25,0,0.0602737,0
0,1,0,0.14782,0,0.0208929,0,1,0,0,0,0,1,0,0,0,0,0,0,0,0,0,0,0,0,0,0,0,1,0,0,0,0,0,0,0,0,1,0,0,0.00438596,0,0,0,0,1,0,0,0.06,0,0.389334,1
1,0,0,0.152932,0,0.0208929,0,1,0,0,0,0,1,0,0,0,0,1,0,0,0,0,0,0,0,0,0,0,0,0,0,1,0,0,0,0,0,0,0,0,0.00438596,0,0,0,0,1,0,0,0.12,0,0.0602737,1
1,0,0,0.259398,0,0.0744643,1,0,0,0,0,1,0,0,0,1,0,0,0,0,0,0,0,0,0,0,0,0,0,0,1,0,0,0,0,0,0,0,0,0,0.00298246,0,0,0,0,1,0,0,0.15,0,0,1
1,0,0,0.23188,0,0.125,1,0,0,0,0,1,0,0,0,0,0,0,0,0,0,0,0,0,1,0,0,0,0,0,1,0,0,0,0,0,0,0,0,0,0.122807,1,1,0.0447761,1,1,0,0,0.1645,0,0,1
0,1,0,0.756842,0,0.00589286,1,0,0,0,0,1,0,0,0,0,0,0,0,0,0,0,0,0,0,0,0,0,1,0,0,0,0,0,0,0,0,1,0,0,0,1,1,0.0149254,0,1,0,0,0.116,0,0.401315,0
1,0,0,0.0627068,0,0.00732143,1,0,0,0,0,1,0,0,0,0,0,0,0,0,0,0,0,0,0,0,0,1,0,0,1,0,0,0,0,0,0,0,0,0,0.00140351,0,0,0,0,1,0,0,0.14,0,0.575774,1
1,0,0,0.264361,0,0.696429,1,0,0,0,0,1,0,0,0,1,0,0,0,0,0,0,0,0,0,0,0,0,0,0,1,0,0,0,0,0,0,0,0,0,0.245614,1,1,0.238806,0,1,0,0,0,0,0.740643,0
1,0,0,0.304511,0,0.160714,1,0,0,0,0,1,0,0,0,0,0,0,0,0,0,0,0,0,0,0,0,1,0,0,1,0,0,0,0,0,0,0,0,0,0.0350877,1,0,0,1,1,0,0,0.12,0,0,1
0,1,0,0.330827,0,0.0326786,1,0,0,0,0,1,0,0,0,0,0,0,0,0,0,0,0,0,0,0,0,1,0,0,1,0,0,0,0,0,0,0,0,0,0.0263158,1,1,0.0597015,0,1,0,0,0,0,0.64067,0
1,0,0,0.426015,0,0.0371429,1,0,0,0,0,1,0,0,0,0,0,0,0,0,0,0,0,0,1,0,0,0,0,0,1,0,0,0,0,0,0,0,0,0,0.175439,1,1,0.0895522,1,1,0,0,0.25,0,0.800908,0
0,1,0,0.290677,0,0.165179,1,0,0,0,0,1,0,0,0,0,0,0,0,0,0,0,0,1,0,0,0,0,0,0,0,1,0,0,0,0,0,0,0,0,0.0570175,1,1,0.0298507,0,1,0,0,0,0,0,0
1,0,0,0.146617,0,0.113036,0,1,0,0,0,0,1,0,0,0,0,0,0,0,1,0,0,0,0,0,0,0,0,0,1,0,0,0,0,0,0,0,0,0,0.0145614,0,1,0.0149254,1,1,0,0,0.14,0,0.382126,1
1,0,0,0.305714,0,0.232143,1,0,0,0,0,1,0,0,0,0,0,0,0,0,0,0,0,0,0,0,0,1,0,0,1,0,0,0,0,0,0,0,0,0,0.00438596,1,0,0,1,1,0,0,0.2215,0,0,1
1,0,0,0.150376,0,0.0148214,0,1,0,0,0,0,1,0,0,1,0,0,0,0,0,0,0,0,0,0,0,0,0,0,1,0,0,0,0,0,0,0,0,0,0.00140351,0,1,0.0298507,0,1,0,0,0.064,0,0.16921,1
1,0,0,0.211729,0,0.0357143,0,1,0,0,0,0,1,0,0,0,1,0,0,0,0,0,0,0,0,0,0,0,0,0,0,1,0,0,0,0,0,0,0,0,0.105263,0,0,0,0,1,0,0,0.088,0,0.54677,1
1,0,0,0.522556,0,0.151786,1,0,0,0,0,1,0,0,0,0,0,0,0,0,0,1,0,0,0,0,0,0,0,0,1,0,0,0,0,0,0,0,0,0,0.00438596,1,0,0,1,1,0,0,0.1125,0,0,0
1,0,0,0.408571,0,0.0298214,1,0,0,0,0,1,0,0,0,0,0,0,0,0,0,0,0,0,0,0,0,0,1,0,0,0,0,0,0,0,0,1,0,0,0,1,0,0,0,1,0,0,0.065,0,0.0602737,1
0,1,0,0.360902,0,0.196429,1,0,0,0,0,1,0,0,0,0,0,0,0,0,0,0,0,1,0,0,0,0,0,0,1,0,0,0,0,0,0,0,0,0,0.00438596,1,0,0,1,1,0,0,0.114,0,0,0
0,0,1,0.095188,0,0.00446429,1,0,0,0,0,1,0,0,0,0,0,0,0,0,0,0,0,1,0,0,0,0,0,0,1,0,0,0,0,0,0,0,0,0,0.0350877,0,1,0.0149254,0,1,0,0,0.12,0,0.577834,0
1,0,0,0.517594,0,0.272321,1,0,0,0,0,1,0,0,0,0,0,0,0,0,0,0,0,0,1,0,0,0,0,0,0,1,0,0,0,0,0,0,0,0,0.54386,1,1,0.179104,0,1,0,0,0,0,0.580287,0
1,0,0,0.610226,0,0.241071,1,0,0,0,0,1,0,0,0,1,0,0,0,0,0,0,0,0,0,0,0,0,0,0,0,1,0,0,0,0,0,0,0,0,0.0921053,1,1,0.164179,1,1,0,0,0,0,0.491521,0
0,1,0,0.276992,0,0.0521429,1,0,0,0,0,1,0,0,0,0,0,0,0,0,0,0,0,0,1,0,0,0,0,0,1,0,0,0,0,0,0,0,0,0,0.0380702,1,1,0.238806,0,1,0,0,0.06,0,0.664359,0
0,1,0,0.24812,0,0.196429,1,0,0,0,0,1,0,0,0,0,0,0,0,0,1,0,0,0,0,0,0,0,0,0,1,0,0,0,0,0,0,0,0,0,0.192982,0,0,0,1,0,0,1,0.05,0,0,1
0,1,0,0.10406,0,0.107143,1,0,0,0,0,1,0,0,0,0,0,0,0,0,0,0,0,1,0,0,0,0,0,0,1,0,0,0,0,0,0,0,0,0,0.00578947,1,1,0.0447761,0,1,0,0,0.05,0,0.16921,0
1,0,0,0.238045,0,0.160714,1,0,0,0,0,1,0,0,0,0,0,0,0,0,0,0,0,0,1,0,0,0,0,0,1,0,0,0,0,0,0,0,0,0,0.263158,1,1,0.0298507,1,1,0,0,0.165,0,0,0
0,0,1,0.240602,0,0.02375,1,0,0,0,0,1,0,0,0,0,0,0,0,0,0,0,0,0,1,0,0,0,0,0,1,0,0,0,0,0,0,0,0,0,0.00877193,0,0,0,1,1,0,0,0.15,0,0,1
1,0,0,0.22812,0,0.0133929,1,0,0,0,0,1,0,0,0,1,0,0,0,0,0,0,0,0,0,0,0,0,0,0,1,0,0,0,0,0,0,0,0,0,0.0101754,0,0,0,0,1,0,0,0.11,0,0.430327,1
1,0,0,0.330827,0,0.08625,1,0,0,0,0,1,0,0,0,0,0,0,0,0,0,0,0,0,1,0,0,0,0,0,1,0,0,0,0,0,0,0,0,0,0.00438596,0,1,0.0298507,0,1,0,0,0.11,0,0.0602737,1
1,0,0,0.39218,0,0.0178571,1,0,0,0,0,1,0,0,0,0,0,0,0,0,0,1,0,0,0,0,0,0,0,0,1,0,0,0,0,0,0,0,0,0,0.00877193,1,0,0,0,0,0,1,0.144,0,0,1
1,0,0,0.132782,0,0.0535714,0,1,0,0,0,0,1,0,0,0,0,0,0,0,0,0,0,0,0,0,0,1,0,0,1,0,0,0,0,0,0,0,0,0,0.0189474,0,0,0,1,1,0,0,0.06,0,0.366914,1
0,1,0,0.299549,0,0.0133929,1,0,0,0,0,1,0,0,0,0,0,1,0,0,0,0,0,0,0,0,0,0,0,0,1,0,0,0,0,0,0,0,0,0,0.0131579,0,0,0,0,1,0,0,0.15,0,0.331014,0
1,0,0,0.037594,0,0,0,1,0,0,0,0,1,0,0,0,0,0,0,0,0,0,0,0,0,0,0,1,0,0,1,0,0,0,0,0,0,0,0,0,0.00877193,0,0,0,0,1,0,0,0.03,0,0,1
1,0,0,0.175489,0,0.0192857,1,0,0,0,0,1,0,0,0,0,0,0,0,0,0,0,0,0,1,0,0,0,0,0,1,0,0,0,0,0,0,0,0,0,0.00578947,0,1,0.0149254,0,1,0,0,0.136,0,0.530267,1
1,0,0,0.166617,0,0.0982143,1,0,0,0,0,1,0,0,0,1,0,0,0,0,0,0,0,0,0,0,0,0,0,0,1,0,0,0,0,0,0,0,0,0,0.0789474,1,1,0.0895522,0,1,0,0,0,0,0.5564,0
1,0,0,0.322105,0,0.897321,1,0,0,0,0,1,0,0,0,0,0,0,0,0,0,0,0,0,0,1,0,0,0,0,0,1,0,0,0,0,0,0,0,0,0.0570175,1,1,0.0149254,1,1,0,0,0.2575,0,0.540574,0
0,1,0,0.076391,0,0.339286,1,0,0,0,0,1,0,0,0,0,0,0,0,0,0,0,0,0,1,0,0,0,0,0,1,0,0,0,0,0,0,0,0,0,0.0570175,1,1,0.0895522,1,1,0,0,0.02,0,0.5564,0
0,1,0,0.162857,0,0.0239286,1,0,0,0,0,1,0,0,0,0,0,0,0,0,0,0,0,0,0,0,0,1,0,0,0,1,0,0,0,0,0,0,0,0,0.0614035,1,0,0,0,1,0,0,0.2,0,0,1
0,1,0,0.116541,0,0.214286,1,0,0,0,0,1,0,0,0,0,0,0,0,0,0,0,0,0,0,0,0,1,0,0,1,0,0,0,0,0,0,0,0,0,0.0877193,1,1,0.0447761,0,1,0,0,0.04,0,0.593329,0
1,0,0,0.284511,0,0.196429,1,0,0,0,0,1,0,0,0,0,0,0,0,0,0,0,0,1,0,0,0,0,0,0,0,1,0,0,0,0,0,0,0,0,0.192982,1,1,0.179104,1,1,0,0,0.204,0,0.600761,0
1,0,0,0.526316,0,0.303571,1,0,0,0,0,1,0,0,0,1,0,0,0,0,0,0,0,0,0,0,0,0,0,0,0,1,0,0,0,0,0,0,0,0,0.438596,1,1,0.134328,0,1,0,0,0.0905,0,0.644536,0
1,0,0,0.442406,0,0.0803571,1,0,0,0,0,1,0,0,0,0,0,0,1,0,0,0,0,0,0,0,0,0,0,0,0,0,1,0,0,0,0,0,0,0,0.0263158,1,0,0,0,1,0,0,0.28,0,0,1
0,1,0,0.399699,0,0.290179,0,1,0,0,0,0,1,0,0,0,0,0,0,0,1,0,0,0,0,0,0,0,0,0,1,0,0,0,0,0,0,0,0,0,0.00578947,0,1,0.0298507,0,1,0,0,0,0,0.256038,1
1,0,0,0.322105,0,0.0892857,1,0,0,0,0,1,0,0,0,0,0,0,0,0,1,0,0,0,0,0,0,0,0,0,1,0,0,0,0,0,0,0,0,0,0.157895,1,1,0.104478,0,1,0,0,0.075,0,0.621527,0
1,0,0,0.635338,0,0.446429,1,0,0,0,0,1,0,0,0,0,0,0,0,0,1,0,0,0,0,0,0,0,0,0,0,1,0,0,0,0,0,0,0,0,0.280702,1,0,0,1,1,0,0,0.012,0,0.6622,0
0,1,0,0.495038,0,0.0164286,1,0,0,0,0,1,0,0,0,0,0,1,0,0,0,0,0,0,0,0,0,0,0,0,0,1,0,0,0,0,0,0,0,0,0.0145614,1,1,0.164179,1,1,0,0,0.22,0,0.16921,0
0,1,0,0.64782,0,0.151786,0,1,0,0,0,0,1,0,0,0,0,0,0,0,0,0,0,0,0,0,0,0,1,0,0,0,0,0,0,0,0,1,0,0,0.175439,0,0,0,1,1,0,0,0,0,0.139951,1
1,0,0,0.0726316,0,0.3675,1,0,0,0,0,1,0,0,0,0,0,0,0,0,0,0,0,0,0,0,0,0,1,0,0,0,0,0,0,0,0,1,0,0,0.0145614,0,0,0,0,1,0,0,0.04,0,0,1
1,0,0,0.115338,0,0.0267857,0,1,0,0,0,0,1,0,0,0,0,0,0,0,0,0,1,0,0,0,0,0,0,0,0,0,0,0,1,0,0,0,0,0,0.0263158,0,0,0,1,1,0,0,0.066,0,0.0955315,1
1,0,0,0.109023,0,0.107143,0,1,0,0,0,0,1,0,0,0,1,0,0,0,0,0,0,0,0,0,0,0,0,0,1,0,0,0,0,0,0,0,0,0,0.0380702,1,1,0.119403,1,1,0,0,0.08,0,0.0602737,0
0,1,0,0.244361,0,0.188929,1,0,0,0,0,1,0,0,0,0,0,0,0,0,0,0,0,0,0,0,1,0,0,0,0,0,0,0,0,0,1,0,0,0,0.0789474,1,1,0.0746269,1,1,0,0,0.0495,0,0.540574,0
1,0,0,0.235639,0,0.0446429,1,0,0,0,0,1,0,0,0,1,0,0,0,0,0,0,0,0,0,0,0,0,0,0,0,1,0,0,0,0,0,0,0,0,0.00877193,0,1,0.0298507,1,1,0,0,0.2,0,0.407943,1
1,0,0,0.0726316,0,0.203929,1,0,0,0,0,1,0,0,0,0,1,0,0,0,0,0,0,0,0,0,0,0,0,0,1,0,0,0,0,0,0,0,0,0,0.0189474,0,0,0,0,1,0,0,0.06,0,0,1
0,1,0,0.0613534,0,0.392857,1,0,0,0,0,1,0,0,0,0,0,0,0,0,0,0,0,0,0,1,0,0,0,0,0,1,0,0,0,0,0,0,0,0,0.0350877,1,1,0.164179,0,1,0,0,0,0,0.696235,0
0,1,0,0.134135,0,0.25,1,0,0,0,0,1,0,0,0,1,0,0,0,0,0,0,0,0,0,0,0,0,0,0,1,0,0,0,0,0,0,0,0,0,0.00578947,0,0,0,0,1,0,0,0.08,0,0,1
1,0,0,0.582707,0,0.232143,1,0,0,0,0,1,0,0,0,0,0,0,0,0,1,0,0,0,0,0,0,0,0,0,1,0,0,0,0,0,0,0,0,0,0.220702,1,1,0.223881,0,1,0,0,0,0,0.810777,0
1,0,0,0.225564,0,0.0416071,1,0,0,0,0,1,0,0,0,0,0,0,0,0,1,0,0,0,0,0,0,0,0,0,1,0,0,0,0,0,0,0,0,0,0.0175439,1,0,0,0,0,0,1,0.14,0,0,1
1,0,0,0.318346,0,0.0892857,1,0,0,0,0,1,0,0,0,0,0,0,0,0,0,0,0,0,1,0,0,0,0,0,1,0,0,0,0,0,0,0,0,0,0,1,0,0,1,1,0,0,0.1195,0,0.461157,0
1,0,0,0.285714,0,0.0535714,1,0,0,0,0,1,0,0,0,0,0,1,0,0,0,0,0,0,0,0,0,0,0,0,0,1,0,0,0,0,0,0,0,0,0.192982,1,1,0.0447761,1,1,0,0,0,0,0,0
1,0,0,0.299549,0,0.0446429,1,0,0,0,0,1,0,0,0,0,0,0,0,0,0,0,0,0,1,0,0,0,0,0,1,0,0,0,0,0,0,0,0,0,0.0408772,0,0,0,0,1,0,0,0.06,0,0,1
1,0,0,0.393534,0,0.221786,1,0,0,0,0,1,0,0,0,0,0,0,0,0,0,0,0,1,0,0,0,0,0,0,1,0,0,0,0,0,0,0,0,0,0.00140351,1,1,0.0149254,0,1,0,0,0.1,0,0.49627,0
1,0,0,0.298195,0,0.0119643,0,1,0,0,0,0,1,0,0,0,0,1,0,0,0,0,0,0,0,0,0,0,0,0,1,0,0,0,0,0,0,0,0,0,0.00298246,0,0,0,0,1,0,0,0.09,0,0,1
1,0,0,0.280752,0,0.107143,1,0,0,0,0,1,0,0,0,0,1,0,0,0,0,0,0,0,0,0,0,0,0,0,1,0,0,0,0,0,0,0,0,0,0.00578947,0,0,0,1,1,0,0,0.06,0,0,1
1,0,0,0.414737,0,0,1,0,0,0,0,1,0,0,0,1,0,0,0,0,0,0,0,0,0,0,0,0,0,0,0,0,1,0,0,0,0,0,0,0,0.526316,1,0,0,0,1,0,0,0,0,0,0
1,0,0,0.0213534,0,0.25,1,0,0,0,0,1,0,0,0,0,0,0,0,0,0,0,0,0,0,0,1,0,0,0,1,0,0,0,0,0,0,0,0,0,0.0350877,0,0,0,0,1,0,0,0.3,0,0,1
0,1,0,0.354586,0,0.0892857,1,0,0,0,0,1,0,0,0,0,0,0,1,0,0,0,0,0,0,0,0,0,0,0,0,1,0,0,0,0,0,0,0,0,0.00736842,0,0,0,0,1,0,0,0.13,0,0.479077,1
1,0,0,0.038797,0,0.145893,1,0,0,0,0,1,0,0,0,0,0,0,1,0,0,0,0,0,0,0,0,0,0,0,0,1,0,0,0,0,0,0,0,0,0.0145614,0,0,0,1,1,0,0,0.06,0,0,1
1,0,0,0.194286,0,0.0625,0,1,0,0,0,0,1,0,0,1,0,0,0,0,0,0,0,0,0,0,0,0,0,0,1,0,0,0,0,0,0,0,0,0,0.0350877,1,1,0.0746269,1,1,0,0,0.08,0,0.753201,0
0,1,0,0.137895,0,0.0446429,1,0,0,0,0,1,0,0,0,0,0,0,0,0,0,0,0,1,0,0,0,0,0,0,1,0,0,0,0,0,0,0,0,0,0.00877193,0,0,0,1,1,0,0,0.06,0,0.582351,1
0,1,0,0.373383,0,0.178571,1,0,0,0,0,1,0,0,0,0,0,1,0,0,0,0,0,0,0,0,0,0,0,0,1,0,0,0,0,0,0,0,0,0,0.473684,1,0,0,1,1,0,0,0.49,0,0,1
1,0,0,0.382256,0,0.0580357,1,0,0,0,0,1,0,0,0,1,0,0,0,0,0,0,0,0,0,0,0,0,0,0,1,0,0,0,0,0,0,0,0,0,0.0526316,1,1,0.149254,0,1,0,0,0.093,0,0.735264,0
1,0,0,0.195489,0,0.0714286,1,0,0,0,0,1,0,0,0,0,1,0,0,0,0,0,0,0,0,0,0,0,0,0,1,0,0,0,0,0,0,0,0,0,0.0263158,0,0,0,1,1,0,0,0.04,0,0,1
0,1,0,0.075188,0,0.267857,1,0,0,0,0,1,0,0,0,0,0,0,0,0,0,0,0,1,0,0,0,0,0,0,1,0,0,0,0,0,0,0,0,0,0.0950877,1,1,0.0746269,0,1,0,0,0,0,0.886385,0
1,0,0,0.367218,0,0.361607,1,0,0,0,0,1,0,0,0,0,0,0,0,0,0,0,0,0,0,1,0,0,0,0,1,0,0,0,0,0,0,0,0,0,0.0877193,1,1,0.0895522,0,1,0,0,0.26,0,0.459409,0
1,0,0,0.690526,0,0.055,1,0,0,0,0,1,0,0,0,0,0,0,0,0,0,0,0,1,0,0,0,0,0,0,1,0,0,0,0,0,0,0,0,0,0.00438596,1,0,0,1,1,0,0,0.13,0,0,0
1,0,0,0.516241,0,0.133929,1,0,0,0,0,1,0,0,0,0,0,0,1,0,0,0,0,0,0,0,0,0,0,0,0,0,1,0,0,0,0,0,0,0,0.0350877,0,0,0,0,1,0,0,0.05,0,0.0955315,1
1,0,0,0.81203,0,0.196429,1,0,0,0,0,1,0,0,0,0,0,0,0,0,0,0,0,0,0,0,1,0,0,0,0,0,0,0,0,1,0,0,0,0,0.45614,1,1,0.0149254,1,1,0,0,0,0,0,0
1,0,0,0.210526,0,0.0208929,0,1,0,0,0,0,1,0,0,0,0,1,0,0,0,0,0,0,0,0,0,0,0,0,1,0,0,0,0,0,0,0,0,0,0.00877193,1,1,0.0298507,0,1,0,0,0.13,0,0.540574,0
1,0,0,0.209323,0,0.491071,1,0,0,0,0,1,0,0,0,0,0,0,0,0,0,0,0,0,1,0,0,0,0,0,1,0,0,0,0,0,0,0,0,0,0.201754,1,0,0,1,1,0,0,0.2435,0,0.540574,0
0,1,0,0.204211,0,0.0594643,1,0,0,0,0,1,0,0,0,0,0,0,0,0,0,0,0,0,0,0,0,0,1,0,0,0,0,0,0,0,0,1,0,0,0,0,0,0,0,1,0,0,0.17,0,0.0602737,1
1,0,0,0.145414,0,0.0208929,1,0,0,0,0,1,0,0,0,1,0,0,0,0,0,0,0,0,0,0,0,0,0,0,0,1,0,0,0,0,0,0,0,0,0.00298246,1,0,0,0,1,0,0,0.09,0,0,1
1,0,0,0.236842,0,0.0207143,1,0,0,0,0,1,0,0,0,0,0,0,0,0,0,0,0,0,1,0,0,0,0,0,1,0,0,0,0,0,0,0,0,0,0.0101754,0,1,0.0149254,0,1,0,0,0.17,0,0.690331,1
0,1,0,0.106466,0,0.0178571,0,1,0,0,0,0,1,0,0,0,0,0,0,0,0,0,0,0,0,0,1,0,0,0,0,0,0,0,0,0,1,0,0,0,0.0350877,0,0,0,0,1,0,0,0.13,0,0,1
1,0,0,0.177895,0,0.0119643,1,0,0,0,0,1,0,0,0,0,0,0,0,0,1,0,0,0,0,0,0,0,0,0,0,1,0,0,0,0,0,0,0,0,0.122807,0,0,0,1,1,0,0,0.17,0,0,1
0,1,0,0.587669,0,0.535714,1,0,0,0,0,1,0,0,0,1,0,0,0,0,0,0,0,0,0,0,0,0,0,0,1,0,0,0,0,0,0,0,0,0,0.192982,1,1,0.208955,0,1,0,0,0,0,0.669275,0
1,0,0,0.243158,0,0.0655357,1,0,0,0,0,1,0,0,0,1,0,0,0,0,0,0,0,0,0,0,0,0,0,0,0,1,0,0,0,0,0,0,0,0,0.152105,1,0,0,0,1,0,0,0.13,0,0.461157,0
1,0,0,0.319549,0,0.120536,1,0,0,0,0,1,0,0,0,1,0,0,0,0,0,0,0,0,0,0,0,0,0,0,0,1,0,0,0,0,0,0,0,0,0.290877,0,0,0,1,1,0,0,0,0,0,1
1,0,0,0.125263,0,0.409286,1,0,0,0,0,1,0,0,0,0,0,0,0,0,1,0,0,0,0,0,0,0,0,0,1,0,0,0,0,0,0,0,0,0,0.055614,0,0,0,1,1,0,0,0.05,0,0.617465,1
1,0,0,0.0350376,0,0.0267857,1,0,0,0,0,1,0,0,0,1,0,0,0,0,0,0,0,0,0,0,0,0,0,0,1,0,0,0,0,0,0,0,0,0,0.0614035,1,1,0.0746269,1,1,0,0,0.176,0,0.568534,0
1,0,0,0.169173,0,0.428571,1,0,0,0,0,1,0,0,0,0,0,0,0,0,1,0,0,0,0,0,0,0,0,0,1,0,0,0,0,0,0,0,0,0,0.0789474,1,1,0.0298507,1,1,0,0,0.06,0,0.155805,1
0,1,0,0.057594,0,0.321429,1,0,0,0,0,1,0,0,0,0,0,0,0,0,0,0,0,0,0,0,0,1,0,0,1,0,0,0,0,0,0,0,0,0,0.0482456,1,0,0,1,1,0,0,0,0,0,0
1,0,0,0.373383,0,0.119107,1,0,0,0,0,1,0,0,0,0,0,0,0,0,0,0,0,0,1,0,0,0,0,0,1,0,0,0,0,0,0,0,0,0,0.140351,1,1,0.208955,0,1,0,0,0.1915,0,0.626448,0
0,1,0,0.642857,0,0.571429,1,0,0,0,0,1,0,0,0,0,0,0,0,1,0,0,0,0,0,0,0,0,0,0,0,0,0,0,0,0,0,1,0,0,0,1,1,0.223881,0,1,0,0,0,0,0.479429,0
1,0,0,0.0714286,0,0.0714286,1,0,0,0,0,1,0,0,0,0,0,0,1,0,0,0,0,0,0,0,0,0,0,0,1,0,0,0,0,0,0,0,0,0,0.0526316,1,1,0.0298507,0,1,0,0,0.06,0,0.49627,0
1,0,0,0.195489,0,0.160714,0,1,0,0,0,0,1,0,0,1,0,0,0,0,0,0,0,0,0,0,0,0,0,0,0,0,1,0,0,0,0,0,0,0,0.0877193,0,0,0,0,1,0,0,0.1,0,0.617322,1
0,1,0,0.582707,0,0.25,1,0,0,0,0,1,0,0,0,0,0,0,0,0,0,0,0,0,0,0,0,1,0,0,0,1,0,0,0,0,0,0,0,0,0.105263,0,0,0,0,1,0,0,0,0,0,1
1,0,0,0.443609,0,0.107143,1,0,0,0,0,1,0,0,0,0,0,0,0,0,0,0,0,1,0,0,0,0,0,0,0,1,0,0,0,0,0,0,0,0,0.210526,1,1,0.164179,0,1,0,0,0.04,0,0,0
0,1,0,0.236842,0,0.03875,0,1,0,0,0,0,1,0,0,0,0,0,0,0,0,0,0,0,0,1,0,0,0,0,1,0,0,0,0,0,0,0,0,0,0.0350877,0,0,0,0,1,0,0,0.14,0,0.229483,1
1,0,0,0.0413534,0,0.00446429,1,0,0,0,0,1,0,0,0,1,0,0,0,0,0,0,0,0,0,0,0,0,0,0,1,0,0,0,0,0,0,0,0,0,0.00578947,0,0,0,0,1,0,0,0.066,0,0,1
1,0,0,0.338346,0,0.178571,1,0,0,0,0,1,0,0,0,1,0,0,0,0,0,0,0,0,0,0,0,0,0,0,0,0,1,0,0,0,0,0,0,0,0.0877193,1,1,0.0895522,0,1,0,0,0,0,0.513746,0
1,0,0,0.393534,0,0.0192857,0,1,0,0,0,0,1,0,0,0,0,0,0,0,0,0,0,0,0,0,0,1,0,0,1,0,0,0,0,0,0,0,0,0,0.0175439,1,1,0.0447761,0,1,0,0,0.1,0,0.600761,0
0,1,0,0.511278,0,0.285714,1,0,0,0,0,1,0,0,0,1,0,0,0,0,0,0,0,0,0,0,0,0,0,0,1,0,0,0,0,0,0,0,0,0,0.276316,1,1,0.0895522,1,1,0,0,0,0,0.62084,0
1,0,0,0.194286,0,0.520893,1,0,0,0,0,1,0,0,0,0,0,0,1,0,0,0,0,0,0,0,0,0,0,0,0,0,1,0,0,0,0,0,0,0,0,0,0,0,1,1,0,0,0.089,0,0,1
1,0,0,0.141654,0,0,0,0,0,0,1,0,0,0,1,0,0,0,0,0,0,0,0,0,0,0,0,0,0,1,0,0,0,0,0,0,0,0,0,1,0,0,0,0,0,0,1,0,0,0,0,0
1,0,0,0.145414,0,0.0357143,1,0,0,0,0,1,0,0,0,1,0,0,0,0,0,0,0,0,0,0,0,0,0,0,1,0,0,0,0,0,0,0,0,0,0.0175439,0,0,0,1,0,0,1,0.14,0,0,1
1,0,0,0.572632,0,0.0728571,0,1,0,0,0,0,1,0,0,0,0,0,0,0,0,0,0,0,0,0,0,0,1,0,0,0,0,0,0,0,0,1,0,0,0.0526316,0,0,0,0,1,0,0,0.06,0,0.0602737,1
0,1,0,0.209323,0,0.0535714,1,0,0,0,0,1,0,0,0,0,0,0,0,0,0,1,0,0,0,0,0,0,0,0,1,0,0,0,0,0,0,0,0,0,0.0701754,1,0,0,0,0,0,1,0.184,0,0,1
1,0,0,0.12782,0,0.0164286,1,0,0,0,0,1,0,0,0,0,0,0,0,0,1,0,0,0,0,0,0,0,0,0,1,0,0,0,0,0,0,0,0,0,0.00438596,0,0,0,1,1,0,0,0.14,0,0.350031,1
1,0,0,0.382256,0,0.0610714,1,0,0,0,0,1,0,0,0,0,0,0,0,0,0,0,0,0,0,1,0,0,0,0,1,0,0,0,0,0,0,0,0,0,0.00438596,1,1,0.0746269,1,1,0,0,0.24,0,0,0
1,0,0,0.323308,0,0.113036,1,0,0,0,0,1,0,0,0,0,0,0,0,0,0,0,0,0,0,1,0,0,0,0,0,1,0,0,0,0,0,0,0,0,0.131579,1,0,0,1,1,0,0,0.34,0,0,1
1,0,0,0.186767,0,0.0298214,1,0,0,0,0,1,0,0,0,0,0,1,0,0,0,0,0,0,0,0,0,0,0,0,1,0,0,0,0,0,0,0,0,0,0.0408772,0,0,0,0,1,0,0,0.05,0,0,1
1,0,0,0.538797,0,0.678571,1,0,0,0,0,1,0,0,0,0,0,0,0,0,0,0,0,0,0,0,0,0,1,0,0,0,0,0,0,0,0,1,0,0,0,1,1,0.0149254,0,1,0,0,0.047,0,0,1
1,0,0,0.100301,0,0.0655357,1,0,0,0,0,1,0,0,0,1,0,0,0,0,0,0,0,0,0,0,0,0,0,0,1,0,0,0,0,0,0,0,0,0,0.0789474,1,1,0.0149254,0,1,0,0,0.05,0,0.436285,0
0,1,0,0.303308,0,0.0566071,0,1,0,0,0,0,1,0,0,0,0,0,0,0,0,0,0,0,0,0,0,0,1,0,0,0,0,0,0,0,0,1,0,0,0,1,0,0,0,1,0,0,0.16,0,0,1
0,1,0,0.380902,0,0.142857,1,0,0,0,0,1,0,0,0,1,0,0,0,0,0,0,0,0,0,0,0,0,0,0,1,0,0,0,0,0,0,0,0,0,0.105263,0,0,0,0,1,0,0,0.24,0,0,1
0,1,0,0.0815038,0,0.193393,1,0,0,0,0,1,0,0,0,0,0,0,1,0,0,0,0,0,0,0,0,0,0,0,0,1,0,0,0,0,0,0,0,0,0.0101754,0,0,0,0,1,0,0,0.04,0,0.537752,1
1,0,0,0.0688722,0,0.0432143,0,1,0,0,0,0,1,0,0,0,0,0,0,0,0,0,0,0,0,0,1,0,0,0,0,0,0,0,0,0,1,0,0,0,0,0,0,0,0,1,0,0,0.05,0,0,1
0,1,0,0.0312782,0,0.272321,1,0,0,0,0,1,0,0,0,0,0,0,0,0,0,0,0,1,0,0,0,0,0,0,1,0,0,0,0,0,0,0,0,0,0.00438596,0,1,0.0149254,1,1,0,0,0,0,0.441861,1
1,0,0,0.0965414,0,0.330357,1,0,0,0,0,1,0,0,0,1,0,0,0,0,0,0,0,0,0,0,0,0,0,0,1,0,0,0,0,0,0,0,0,0,0.0584211,1,1,0.0447761,1,1,0,0,0.02,0,0.292808,0
1,0,0,0.18797,0,0.055,1,0,0,0,0,1,0,0,0,0,0,0,0,0,0,0,0,0,1,0,0,0,0,0,1,0,0,0,0,0,0,0,0,0,0.00438596,0,0,0,0,1,0,0,0.05,0,0,1
1,0,0,0.833383,0,0.321429,1,0,0,0,0,1,0,0,0,0,0,0,0,0,0,0,0,0,0,0,0,0,1,0,0,0,0,0,0,0,0,1,0,0,0.140351,0,1,0.0149254,0,1,0,0,0.035,0,0.16921,1
1,0,0,0.29203,0,0.0371429,1,0,0,0,0,1,0,0,0,0,0,0,0,0,0,0,1,0,0,0,0,0,0,0,0,1,0,0,0,0,0,0,0,0,0.22807,1,0,0,1,1,0,0,0.082,0,0.900081,0
0,1,0,0.378496,0,0.0594643,1,0,0,0,0,1,0,0,0,0,0,0,0,0,0,0,0,0,0,0,0,1,0,0,1,0,0,0,0,0,0,0,0,0,0.00877193,0,0,0,0,1,0,0,0,0,0.519018,1
1,0,0,0.314586,0,0.0385714,1,0,0,0,0,1,0,0,0,0,0,0,0,0,0,1,0,0,0,0,0,0,0,0,1,0,0,0,0,0,0,0,0,0,0.0408772,0,0,0,0,0,0,1,0.014,0,0,1
0,1,0,0.139098,0,0.419643,1,0,0,0,0,1,0,0,0,0,0,0,0,0,0,0,0,0,0,1,0,0,0,0,0,1,0,0,0,0,0,0,0,0,0.0175439,1,1,0.0298507,1,1,0,0,0.15,0,0.549004,0
1,0,0,0.316992,0,0.142857,1,0,0,0,0,1,0,0,0,0,1,0,0,0,0,0,0,0,0,0,0,0,0,0,0,0,1,0,0,0,0,0,0,0,0.438596,1,0,0,1,1,0,0,0,0,0,1
1,0,0,0.288271,0,0.0892857,1,0,0,0,0,1,0,0,0,0,0,0,0,0,0,0,0,0,0,0,0,1,0,0,1,0,0,0,0,0,0,0,0,0,0.0614035,0,1,0.0298507,1,1,0,0,0.36,0,0,1
1,0,0,0.10406,0,0.0148214,1,0,0,0,0,1,0,0,0,1,0,0,0,0,0,0,0,0,0,0,0,0,0,0,1,0,0,0,0,0,0,0,0,0,0.00438596,0,0,0,0,1,0,0,0,0,0.331014,1
1,0,0,0.109023,0,0.171071,0,1,0,0,0,0,1,0,0,0,0,0,0,0,0,0,0,0,1,0,0,0,0,0,1,0,0,0,0,0,0,0,0,0,0.0789474,1,1,0.0149254,1,1,0,0,0.04,0,0.49627,0
0,1,0,0.161654,0,0.0178571,1,0,0,0,0,1,0,0,0,0,0,0,0,0,0,0,0,1,0,0,0,0,0,0,0,1,0,0,0,0,0,0,0,0,0.0526316,1,0,0,0,1,0,0,0.14,0,0.583946,0
1,0,0,0.43985,0,0.0103571,0,1,0,0,0,0,1,0,0,0,0,1,0,0,0,0,0,0,0,0,0,0,0,0,0,1,0,0,0,0,0,0,0,0,0.0614035,1,1,0.119403,0,1,0,0,0.05,0,0.515616,0
1,0,0,0.526316,0,0.940536,0,1,0,0,0,0,1,0,0,0,0,0,0,0,0,0,0,0,0,0,0,0,1,0,0,0,0,0,0,0,0,1,0,0,0,1,0,0,1,1,0,0,0,0,0,1
1,0,0,0.298195,0,0.0982143,1,0,0,0,0,1,0,0,0,0,0,0,0,0,0,1,0,0,0,0,0,0,0,0,1,0,0,0,0,0,0,0,0,0,0.149123,1,1,0.0895522,0,1,0,0,0.102,0,0,0
1,0,0,0.260602,0,0.110179,1,0,0,0,0,1,0,0,0,1,0,0,0,0,0,0,0,0,0,0,0,0,0,0,1,0,0,0,0,0,0,0,0,0,0.0877193,0,1,0.0298507,1,1,0,0,0.08,0,0.325015,1
1,0,0,0.203008,0,0.0566071,1,0,0,0,0,1,0,0,0,0,0,1,0,0,0,0,0,0,0,0,0,0,0,0,0,1,0,0,0,0,0,0,0,0,0.064386,1,1,0.179104,1,1,0,0,0.2915,0,0.571381,0
1,0,0,0.110226,0,0.147321,0,1,0,0,0,0,1,0,0,0,0,0,1,0,0,0,0,0,0,0,0,0,0,0,0,1,0,0,0,0,0,0,0,0,0.00140351,0,0,0,0,1,0,0,0.07,0,0.401315,1
1,0,0,0.384662,0,0.209821,1,0,0,0,0,1,0,0,0,0,0,1,0,0,0,0,0,0,0,0,0,0,0,0,0,1,0,0,0,0,0,0,0,0,0.350877,1,1,0.208955,1,1,0,0,0.1995,0,0,0
1,0,0,0.172932,0,0.0357143,1,0,0,0,0,1,0,0,0,0,0,0,0,0,0,0,0,0,0,0,0,1,0,0,1,0,0,0,0,0,0,0,0,0,0.0175439,0,0,0,0,1,0,0,0.1,0,0,1
1,0,0,0.233083,0,0.464286,1,0,0,0,0,1,0,0,0,0,1,0,0,0,0,0,0,0,0,0,0,0,0,0,0,1,0,0,0,0,0,0,0,0,0.0175439,0,0,0,0,1,0,0,0.114,0,0,1
0,1,0,0.216842,0,0.0133929,1,0,0,0,0,1,0,0,0,0,0,0,0,0,0,0,0,1,0,0,0,0,0,0,1,0,0,0,0,0,0,0,0,0,0.0205263,1,1,0.0597015,0,1,0,0,0.04,0,0,0
1,0,0,0.387218,0,0.0580357,1,0,0,0,0,1,0,0,0,1,0,0,0,0,0,0,0,0,0,0,0,0,0,0,1,0,0,0,0,0,0,0,0,0,0.0526316,0,0,0,0,1,0,0,0,0,0.500774,1
1,0,0,0.0651128,0,0.241071,0,1,0,0,0,0,1,0,0,0,0,0,0,0,0,1,0,0,0,0,0,0,0,0,1,0,0,0,0,0,0,0,0,0,0.00140351,0,0,0,0,1,0,0,0.07,0,0,1
0,1,0,0.171729,0,0.102679,1,0,0,0,0,1,0,0,0,0,0,0,0,0,0,0,0,0,0,1,0,0,0,0,0,1,0,0,0,0,0,0,0,0,0.0307018,1,0,0,0,1,0,0,0.18,0,0,0
1,0,0,0.036391,0,0.00142857,1,0,0,0,0,1,0,0,0,1,0,0,0,0,0,0,0,0,0,0,0,0,0,0,1,0,0,0,0,0,0,0,0,0,0.00140351,0,0,0,0,1,0,0,0,0,0,0
1,0,0,0.076391,0,0.126429,0,1,0,0,0,0,1,0,0,0,0,0,0,0,0,0,0,0,0,0,0,0,1,0,0,0,0,0,0,0,0,1,0,0,0,0,0,0,1,1,0,0,0.09,0,0.0602737,1
1,0,0,0.0852632,0,0.0535714,0,1,0,0,0,0,1,0,0,0,0,1,0,0,0,0,0,0,0,0,0,0,0,0,1,0,0,0,0,0,0,0,0,0,0.0701754,1,0,0,1,1,0,0,0.05,0,0.264741,1
0,0,1,0.100301,0,0.267857,1,0,0,0,0,1,0,0,0,0,0,0,0,0,1,0,0,0,0,0,0,0,0,0,1,0,0,0,0,0,0,0,0,0,0.0526316,1,1,0.0149254,0,1,0,0,0.08,0,0.474747,0
1,0,0,0.137895,0,0.00607143,1,0,0,0,0,1,0,0,0,0,0,0,0,0,0,1,0,0,0,0,0,0,0,0,1,0,0,0,0,0,0,0,0,0,0.00298246,0,0,0,0,0,0,1,0,0,0,1
1,0,0,0.284511,0,0.321429,0,1,0,0,0,0,1,0,0,0,0,0,0,0,0,0,0,0,1,0,0,0,0,0,0,1,0,0,0,0,0,0,0,0,0.184211,1,0,0,1,1,0,0,0.077,0,0,0
1,0,0,0.412331,0,0.144286,1,0,0,0,0,1,0,0,0,0,0,1,0,0,0,0,0,0,0,0,0,0,0,0,0,1,0,0,0,0,0,0,0,0,0.245614,1,1,0.119403,0,1,0,0,0.16,0,0,0
1,0,0,0.038797,0,0.0982143,1,0,0,0,0,1,0,0,0,0,0,0,0,0,0,0,0,0,0,0,0,1,0,0,1,0,0,0,0,0,0,0,0,0,0.0233333,0,1,0.0149254,0,1,0,0,0.04,0,0.268786,1
1,0,0,0.126617,0,0.433036,1,0,0,0,0,1,0,0,0,1,0,0,0,0,0,0,0,0,0,0,0,0,0,0,1,0,0,0,0,0,0,0,0,0,0.117018,0,1,0.0298507,1,1,0,0,0.09,0,0.448614,1
0,0,1,0.236842,0,0.0714286,0,1,0,0,0,0,1,0,0,0,0,0,0,0,0,0,0,0,0,0,1,0,0,0,0,1,0,0,0,0,0,0,0,0,0.0701754,0,0,0,0,1,0,0,0.128,0,0.251337,1
1,0,0,0.165414,0,0.0192857,1,0,0,0,0,1,0,0,0,0,0,0,0,0,0,1,0,0,0,0,0,0,0,0,1,0,0,0,0,0,0,0,0,0,0.0350877,0,0,0,1,1,0,0,0.06,0,0.0602737,1
1,0,0,0.417293,0,0.055,1,0,0,0,0,1,0,0,0,0,0,0,1,0,0,0,0,0,0,0,0,0,0,0,0,0,1,0,0,0,0,0,0,0,0.122807,0,0,0,0,1,0,0,0.108,0,0,0
1,0,0,0.58015,0,0.0491071,0,1,0,0,0,0,1,0,0,1,0,0,0,0,0,0,0,0,0,0,0,0,0,0,0,1,0,0,0,0,0,0,0,0,0.33193,1,0,0,1,1,0,0,0.1,0,0.401315,1
1,0,0,0.0789474,0,0,0,1,0,0,0,0,1,0,0,0,0,0,0,0,0,0,0,0,0,0,0,0,1,0,0,0,0,0,0,0,0,1,0,0,0,0,1,0.0597015,0,1,0,0,0.0225,0,0.0602737,1
0,1,0,0.169173,0,0.440357,1,0,0,0,0,1,0,0,0,0,0,1,0,0,0,0,0,0,0,0,0,0,0,0,0,1,0,0,0,0,0,0,0,0,0.122807,1,1,0.0895522,0,1,0,0,0.2,0,0.532961,0
1,0,0,0.218045,0,0.03125,1,0,0,0,0,1,0,0,0,0,0,0,0,0,0,1,0,0,0,0,0,0,0,0,1,0,0,0,0,0,0,0,0,0,0.0336842,1,1,0.0447761,1,1,0,0,0.198,0,0,0
0,1,0,0.205564,0,0.517857,1,0,0,0,0,1,0,0,0,0,0,0,0,0,0,0,0,0,0,1,0,0,0,0,0,1,0,0,0,0,0,0,0,0,0.108246,1,1,0.0149254,0,1,0,0,0.06,0,0.216079,0
1,0,0,0.037594,0,0.0298214,1,0,0,0,0,1,0,0,0,0,0,0,0,0,0,1,0,0,0,0,0,0,0,0,1,0,0,0,0,0,0,0,0,0,0.00298246,1,0,0,0,0,0,1,0.1,0,0,1
1,0,0,0.383459,0,0.339286,1,0,0,0,0,1,0,0,0,0,0,0,0,0,0,1,0,0,0,0,0,0,0,0,1,0,0,0,0,0,0,0,0,0,0.22807,1,1,0.208955,0,1,0,0,0.12,0,0.733526,0
1,0,0,0.093985,0,0.394464,1,0,0,0,0,1,0,0,0,1,0,0,0,0,0,0,0,0,0,0,0,0,0,0,1,0,0,0,0,0,0,0,0,0,0.0701754,0,0,0,1,1,0,0,0.068,0,0,1
1,0,0,0.111579,0,0,1,0,0,0,0,1,0,0,0,1,0,0,0,0,0,0,0,0,0,0,0,0,0,0,1,0,0,0,0,0,0,0,0,0,0.0175439,0,0,0,1,0,0,1,0,0,0,1
0,1,0,0.325865,0,0.428571,1,0,0,0,0,1,0,0,0,0,0,0,0,0,0,0,0,1,0,0,0,0,0,0,0,1,0,0,0,0,0,0,0,0,0.491228,1,1,0.119403,0,1,0,0,0,0,0.764649,0
0,1,0,0.399699,0,0.269286,0,1,0,0,0,0,1,0,0,0,0,0,0,0,0,0,0,1,0,0,0,0,0,0,0,1,0,0,0,0,0,0,0,0,0.280702,1,1,0.208955,0,1,0,0,0,0,0.673139,0
1,0,0,0.14406,0,0.415179,0,1,0,0,0,0,1,0,0,0,0,0,0,0,0,0,0,0,1,0,0,0,0,0,1,0,0,0,0,0,0,0,0,0,0.0292982,1,0,0,1,1,0,0,0.08,0,0.49627,0
1,0,0,0.289474,0,0.0892857,0,1,0,0,0,0,1,0,0,0,0,0,0,0,0,0,0,0,1,0,0,0,0,0,1,0,0,0,0,0,0,0,0,0,0.245614,0,0,0,1,1,0,0,0.14,0,0,1
1,0,0,0.0864662,0,0.0103571,1,0,0,0,0,1,0,0,0,0,0,0,0,0,1,0,0,0,0,0,0,0,0,0,1,0,0,0,0,0,0,0,0,0,0.0101754,0,0,0,0,1,0,0,0.14,0,0.513035,1
1,0,0,0.278195,0,0.5,0,1,0,0,0,0,1,0,0,0,0,0,0,0,0,0,0,0,0,0,0,0,1,0,0,0,0,0,0,0,0,1,0,0,0,0,1,0.0298507,0,1,0,0,0.08,0,0.0602737,1
0,1,0,0.221805,0,0.108571,0,1,0,0,0,0,1,0,0,0,0,0,0,0,0,0,0,0,0,1,0,0,0,0,0,1,0,0,0,0,0,0,0,0,0.0891228,1,1,0.0149254,0,1,0,0,0.035,0,0,0
1,0,0,0.756842,0,0.714286,1,0,0,0,0,1,0,0,0,0,0,0,0,0,0,0,0,0,0,1,0,0,0,0,0,1,0,0,0,0,0,0,0,0,0.614035,1,1,0.134328,1,1,0,0,0,0,0.600761,0
1,0,0,0.319549,0,0.0892857,1,0,0,0,0,1,0,0,0,0,0,0,1,0,0,0,0,0,0,0,0,0,0,0,1,0,0,0,0,0,0,0,0,0,0.0350877,0,0,0,1,1,0,0,0.105,0,0,1
1,0,0,0.0676692,0,0.00589286,1,0,0,0,0,1,0,0,0,0,1,0,0,0,0,0,0,0,0,0,0,0,0,0,1,0,0,0,0,0,0,0,0,0,0.00877193,0,0,0,1,0,0,1,0.14,0,0,1
1,0,0,0.344662,0,0.0714286,1,0,0,0,0,1,0,0,0,0,0,0,1,0,0,0,0,0,0,0,0,0,0,0,1,0,0,0,0,0,0,0,0,0,0.00877193,0,0,0,1,1,0,0,0.1105,0,0,1
0,1,0,0.198045,0,0.482143,1,0,0,0,0,1,0,0,0,0,0,0,0,0,0,0,0,1,0,0,0,0,0,0,0,1,0,0,0,0,0,0,0,0,0.175439,1,1,0.0298507,0,1,0,0,0,0,0.740643,0
0,1,0,0.136541,0,0.0817857,1,0,0,0,0,1,0,0,0,0,0,0,0,0,0,0,0,1,0,0,0,0,0,0,0,1,0,0,0,0,0,0,0,0,0.0803509,1,1,0.104478,1,1,0,0,0.07,0,0.676257,0
1,0,0,0.517594,0,0.125,1,0,0,0,0,1,0,0,0,0,0,0,0,0,0,0,0,0,0,0,0,1,0,0,1,0,0,0,0,0,0,0,0,0,0.122807,1,0,0,0,0,0,1,0.115,0,0,0
1,0,0,0.195489,0,0.0401786,1,0,0,0,0,1,0,0,0,0,0,0,0,0,0,0,0,0,0,1,0,0,0,0,0,1,0,0,0,0,0,0,0,0,0.0438596,1,0,0,0,1,0,0,0,0,0.745676,0
1,0,0,0.310827,0,0.151786,1,0,0,0,0,1,0,0,0,0,0,0,1,0,0,0,0,0,0,0,0,0,0,0,0,0,1,0,0,0,0,0,0,0,0.114035,1,1,0.0298507,0,1,0,0,0.137,0,0.557835,0
0,1,0,0.130376,0,0.202321,1,0,0,0,0,1,0,0,0,0,0,0,0,0,0,0,0,1,0,0,0,0,0,0,1,0,0,0,0,0,0,0,0,0,0.0907018,1,1,0.104478,0,1,0,0,0.0645,0,0.70338,0
1,0,0,0.0476692,0,0.0119643,0,1,0,0,0,0,1,0,0,0,0,0,0,0,1,0,0,0,0,0,0,0,0,0,1,0,0,0,0,0,0,0,0,0,0.0101754,0,0,0,0,0,0,1,0.1,0,0,1
1,0,0,0.142857,0,0.0535714,1,0,0,0,0,1,0,0,0,0,0,0,0,0,0,0,0,1,0,0,0,0,0,0,1,0,0,0,0,0,0,0,0,0,0.0833333,1,1,0.0447761,1,1,0,0,0,0,0.553755,0
0,1,0,0.631579,0,0.252857,1,0,0,0,0,1,0,0,0,0,0,0,0,0,1,0,0,0,0,0,0,0,0,0,0,1,0,0,0,0,0,0,0,0,0.236842,1,1,0.0447761,1,1,0,0,0.05,0,0.341898,1
1,0,0,0.209323,0,0.0267857,1,0,0,0,0,1,0,0,0,0,0,0,0,0,0,0,0,1,0,0,0,0,0,0,0,1,0,0,0,0,0,0,0,0,0.00578947,0,0,0,1,1,0,0,0.11,0,0.48082,1
1,0,0,0.141654,0,0,1,0,0,0,0,1,0,0,0,0,0,1,0,0,0,0,0,0,0,0,0,0,0,0,1,0,0,0,0,0,0,0,0,0,0.00298246,1,0,0,0,1,0,0,0,0,0,0
1,0,0,0.203008,0,0.0223214,1,0,0,0,0,1,0,0,0,0,0,0,0,0,0,0,0,0,0,0,0,1,0,0,1,0,0,0,0,0,0,0,0,0,0.0159649,1,0,0,1,1,0,0,0.1,0,0,1
1,0,0,0.132782,0,0.358571,1,0,0,0,0,1,0,0,0,0,0,0,0,0,0,0,0,0,0,1,0,0,0,0,1,0,0,0,0,0,0,0,0,0,0.00140351,1,1,0.134328,0,1,0,0,0.03,0,0.520342,0
1,0,0,0.116541,0,0.348214,1,0,0,0,0,1,0,0,0,1,0,0,0,0,0,0,0,0,0,0,0,0,0,0,1,0,0,0,0,0,0,0,0,0,0.00877193,1,0,0,0,1,0,0,0.07,0,0,1
1,0,0,0.335789,0,0.0907143,1,0,0,0,0,1,0,0,0,0,0,0,0,0,0,0,0,0,0,0,0,0,1,0,0,0,0,0,0,0,0,1,0,0,0,0,0,0,0,1,0,0,0,0,0.600761,1
1,0,0,0.634135,0,0.410714,1,0,0,0,0,1,0,0,0,0,0,0,0,0,0,0,0,0,0,0,0,0,1,0,0,0,0,0,0,0,0,1,0,0,0.175439,1,1,0.0746269,0,1,0,0,0,0,0.790296,0
1,0,0,0.117744,0,0.0282143,0,1,0,0,0,0,1,0,0,0,0,1,0,0,0,0,0,0,0,0,0,0,0,0,1,0,0,0,0,0,0,0,0,0,0.0233333,0,0,0,0,1,0,0,0.08,0,0,1
0,1,0,0.215489,0,0.535714,0,1,0,0,0,0,1,0,0,0,0,0,0,0,0,0,0,0,0,0,1,0,0,0,0,0,0,0,0,1,0,0,0,0,0,1,0,0,0,1,0,0,0,0,0.825127,0
1,0,0,0.152932,0,0.0535714,1,0,0,0,0,1,0,0,0,0,1,0,0,0,0,0,0,0,0,0,0,0,0,0,0,1,0,0,0,0,0,0,0,0,0.0657895,1,1,0.0895522,0,1,0,0,0.1,0,0.50374,0
0,1,0,0.101504,0,0.422679,1,0,0,0,0,1,0,0,0,1,0,0,0,0,0,0,0,0,0,0,0,0,0,0,0,1,0,0,0,0,0,0,0,0,0.210526,1,0,0,0,1,0,0,0.17,0,0,0
1,0,0,0.137895,0,0.113036,0,1,0,0,0,0,1,0,0,1,0,0,0,0,0,0,0,0,0,0,0,0,0,0,1,0,0,0,0,0,0,0,0,0,0.00578947,0,0,0,0,1,0,0,0.08,0,0.605659,1
1,0,0,0.205564,0,0.446429,1,0,0,0,0,1,0,0,0,0,0,0,0,0,0,0,0,0,0,0,0,1,0,0,0,0,1,0,0,0,0,0,0,0,0.00877193,0,0,0,1,1,0,0,0.36,0,0,1
0,1,0,0.577744,0,0,0,1,0,0,0,0,1,0,0,0,0,0,0,0,0,0,0,0,0,0,0,0,1,0,0,0,0,0,0,0,0,1,0,0,0,0,0,0,0,1,0,0,0,0,0,1
0,1,0,0.293233,0,0.107143,0,1,0,0,0,0,1,0,0,0,0,0,0,0,0,0,0,0,0,0,0,1,0,0,1,0,0,0,0,0,0,0,0,0,0.0701754,0,0,0,0,1,0,0,0.09,0,0,1
1,0,0,0.0815038,0,0.142857,0,1,0,0,0,0,1,0,0,0,0,0,1,0,0,0,0,0,0,0,0,0,0,0,1,0,0,0,0,0,0,0,0,0,0.0350877,0,0,0,1,1,0,0,0.18,0,0.600761,1
1,0,0,0.238045,0,0.169643,1,0,0,0,0,1,0,0,0,0,0,0,0,0,0,1,0,0,0,0,0,0,0,0,1,0,0,0,0,0,0,0,0,0,0.0701754,0,1,0.0149254,1,1,0,0,0.23,0,0.368183,1
0,1,0,0.0702256,0,0.330357,1,0,0,0,0,1,0,0,0,0,0,0,0,0,0,0,0,1,0,0,0,0,0,0,1,0,0,0,0,0,0,0,0,0,0.0424561,1,1,0.0597015,0,1,0,0,0.03,0,0.547254,0
0,1,0,0.409774,0,0.0728571,0,1,0,0,0,0,1,0,0,0,0,0,0,0,0,0,0,1,0,0,0,0,0,0,0,1,0,0,0,0,0,0,0,0,0.00438596,1,1,0.343284,1,1,0,0,0.2275,0,0.619169,0
0,1,0,0.273233,0,0.111607,1,0,0,0,0,1,0,0,0,0,0,0,0,0,0,0,0,0,0,0,0,0,1,0,0,0,0,0,0,0,0,1,0,0,0.106667,0,1,0.0298507,1,1,0,0,0.1,0,0.139951,1
1,0,0,0.0589474,0,0.159286,1,0,0,0,0,1,0,0,0,1,0,0,0,0,0,0,0,0,0,0,0,0,0,0,1,0,0,0,0,0,0,0,0,0,0.00877193,0,0,0,0,0,0,1,0.04,0,0,1
0,1,0,0.0815038,0,0.306607,1,0,0,0,0,1,0,0,0,0,0,1,0,0,0,0,0,0,0,0,0,0,0,0,0,1,0,0,0,0,0,0,0,0,0.0263158,1,1,0.104478,0,1,0,0,0.048,0,0,0
1,0,0,0.162857,0,0.482143,0,1,0,0,0,0,1,0,0,0,0,0,0,0,0,0,0,0,0,0,0,0,1,0,0,0,0,0,0,0,0,1,0,0,0,0,0,0,0,1,0,0,0,0,0,1
1,0,0,0.523759,0,0.00732143,0,1,0,0,0,0,1,0,0,0,0,0,0,0,1,0,0,0,0,0,0,0,0,0,1,0,0,0,0,0,0,0,0,0,0.00877193,1,1,0.164179,0,1,0,0,0.19,0,0.6881,0
0,1,0,0.274436,0,0.214286,1,0,0,0,0,1,0,0,0,0,1,0,0,0,0,0,0,0,0,0,0,0,0,0,1,0,0,0,0,0,0,0,0,0,0.0438596,0,0,0,0,1,0,0,0.136,0,0,1
0,1,0,0.0627068,0,0.364643,1,0,0,0,0,1,0,0,0,0,0,0,0,0,0,0,0,0,0,0,0,0,1,0,0,0,0,0,0,0,0,1,0,0,0,0,0,0,0,1,0,0,0,0,0.341898,1
1,0,0,0.110226,0,0.360179,0,1,0,0,0,0,1,0,0,0,0,0,0,0,0,0,0,0,0,0,1,0,0,0,0,1,0,0,0,0,0,0,0,0,0.0438596,0,0,0,0,1,0,0,0.13,0,0,1
1,0,0,0.246917,0,0.232143,1,0,0,0,0,1,0,0,0,0,0,1,0,0,0,0,0,0,0,0,0,0,0,0,1,0,0,0,0,0,0,0,0,0,0.109649,1,1,0.119403,0,1,0,0,0.165,0,0.616601,0
1,0,0,0.14782,0,0.0298214,1,0,0,0,0,1,0,0,0,0,0,0,1,0,0,0,0,0,0,0,0,0,0,0,0,1,0,0,0,0,0,0,0,0,0.00298246,0,0,0,1,1,0,0,0.11,0,0.155805,1
1,0,0,0.22812,0,0.535714,1,0,0,0,0,1,0,0,0,1,0,0,0,0,0,0,0,0,0,0,0,0,0,0,0,1,0,0,0,0,0,0,0,0,0.187193,1,1,0.164179,0,1,0,0,0,0,0.672494,0
1,0,0,0.504962,0,0.232143,1,0,0,0,0,1,0,0,0,1,0,0,0,0,0,0,0,0,0,0,0,0,0,0,1,0,0,0,0,0,0,0,0,0,0.0350877,0,0,0,1,1,0,0,0,0,0.472498,1
1,0,0,0.142857,0,0.0357143,1,0,0,0,0,1,0,0,0,1,0,0,0,0,0,0,0,0,0,0,0,0,0,0,1,0,0,0,0,0,0,0,0,0,0.0292982,1,0,0,0,0,0,1,0.15,0,0,0
1,0,0,0.300752,0,0.0982143,1,0,0,0,0,1,0,0,0,0,0,0,1,0,0,0,0,0,0,0,0,0,0,0,0,0,1,0,0,0,0,0,0,0,0,0,0,0,0,1,0,0,0.09,0,0,1
0,1,0,0.506316,0,0.107143,1,0,0,0,0,1,0,0,0,0,0,0,0,0,0,0,0,0,0,1,0,0,0,0,1,0,0,0,0,0,0,0,0,0,0.486842,1,1,0.0298507,1,1,0,0,0.2595,0,0.647071,0
1,0,0,0.31203,0,0.144286,0,1,0,0,0,0,1,0,0,0,0,0,1,0,0,0,0,0,0,0,0,0,0,0,0,0,1,0,0,0,0,0,0,0,0.298246,1,1,0.104478,1,1,0,0,0.0975,0,0,0
1,0,0,0.280752,0,0.0773214,0,1,0,0,0,0,1,0,0,0,0,0,0,0,1,0,0,0,0,0,0,0,0,0,0,0,0,0,0,0,0,1,0,0,0,0,0,0,0,1,0,0,0.06,0,0,1
1,0,0,0.897293,0,0.633929,1,0,0,0,0,1,0,0,0,0,0,0,0,0,0,0,0,0,0,0,0,0,1,0,0,0,0,0,0,0,0,1,0,0,0,1,0,0,1,1,0,0,0,0,0,0
1,0,0,0.180451,0,0.0178571,1,0,0,0,0,1,0,0,0,1,0,0,0,0,0,0,0,0,0,0,0,0,0,0,1,0,0,0,0,0,0,0,0,0,0.0512281,1,1,0.0746269,1,1,0,0,0.156,0,0,0
1,0,0,0.299549,0,0.0773214,1,0,0,0,0,1,0,0,0,1,0,0,0,0,0,0,0,0,0,0,0,0,0,0,1,0,0,0,0,0,0,0,0,0,0.0526316,0,0,0,0,0,1,0,0.06,0,0,1
1,0,0,0,1,0.107143,0,1,0,0,0,0,1,0,0,0,0,0,1,0,0,0,0,0,0,0,0,0,0,0,0,0,1,0,0,0,0,0,0,0,0.245614,0,0,0,0,1,0,0,0,0,0.0602737,1
1,0,0,0.12782,0,0.321429,1,0,0,0,0,1,0,0,0,0,0,0,0,0,0,0,0,0,0,0,0,1,0,0,1,0,0,0,0,0,0,0,0,0,0.00298246,0,0,0,0,1,0,0,0,0,0,1
1,0,0,0.140301,0,0.0892857,1,0,0,0,0,1,0,0,0,1,0,0,0,0,0,0,0,0,0,0,0,0,0,0,1,0,0,0,0,0,0,0,0,0,0.0380702,1,1,0.164179,1,1,0,0,0.03,0,0.668641,0
1,0,0,0.239398,0,0.0267857,0,1,0,0,0,0,1,0,0,1,0,0,0,0,0,0,0,0,0,0,0,0,0,0,1,0,0,0,0,0,0,0,0,0,0.00140351,0,0,0,0,1,0,0,0.12,0,0,1
0,0,1,0.474887,0,0.0357143,1,0,0,0,0,1,0,0,0,0,0,0,0,0,0,0,0,1,0,0,0,0,0,0,1,0,0,0,0,0,0,0,0,0,0.00438596,0,0,0,1,1,0,0,0.1315,0,0,1
1,0,0,0.298195,0,0.00892857,1,0,0,0,0,1,0,0,0,0,0,0,1,0,0,0,0,0,0,0,0,0,0,0,0,0,1,0,0,0,0,0,0,0,0.140351,0,0,0,1,0,0,1,0.21,0,0,1
1,0,0,0.218045,0,0.18,0,1,0,0,0,0,1,0,0,1,0,0,0,0,0,0,0,0,0,0,0,0,0,0,0,0,1,0,0,0,0,0,0,0,0.0526316,1,1,0.119403,1,1,0,0,0.072,0,0.180821,0
1,0,0,0.131579,0,0.410714,0,1,0,0,0,0,1,0,0,0,0,0,0,0,0,1,0,0,0,0,0,0,0,0,1,0,0,0,0,0,0,0,0,0,0.0526316,0,0,0,1,1,0,0,0,0,0.721243,1
0,1,0,0.0864662,0,0.00589286,1,0,0,0,0,1,0,0,0,0,0,0,0,0,0,0,0,1,0,0,0,0,0,0,1,0,0,0,0,0,0,0,0,0,0.00140351,0,0,0,1,1,0,0,0.19,0,0,1
0,1,0,0.161654,0,0.08625,0,1,0,0,0,0,1,0,0,1,0,0,0,0,0,0,0,0,0,0,0,0,0,0,1,0,0,0,0,0,0,0,0,0,0,0,0,0,0,1,0,0,0.06,0,0,1
1,0,0,0.512481,0,0.14875,1,0,0,0,0,1,0,0,0,0,0,0,0,0,0,0,0,0,0,1,0,0,0,0,0,0,1,0,0,0,0,0,0,0,0.00298246,0,0,0,1,1,0,0,0.26,0,0,1
1,0,0,0.469925,0,0.303571,1,0,0,0,0,1,0,0,0,0,0,1,0,0,0,0,0,0,0,0,0,0,0,0,0,1,0,0,0,0,0,0,0,0,0.491228,1,1,0.0149254,1,1,0,0,0.044,0,0.660992,0
0,1,0,0.131579,0,0.302143,0,1,0,0,0,0,1,0,0,0,0,0,0,0,0,0,0,0,0,1,0,0,0,0,1,0,0,0,0,0,0,0,0,0,0.0863158,0,0,0,0,1,0,0,0.082,0,0,0
1,0,0,0.10406,0,0.0298214,0,1,0,0,0,0,1,0,0,1,0,0,0,0,0,0,0,0,0,0,0,0,0,0,1,0,0,0,0,0,0,0,0,0,0.0701754,0,0,0,1,0,0,1,0.12,0,0,1
1,0,0,0.0839098,0,0.389821,1,0,0,0,0,1,0,0,0,1,0,0,0,0,0,0,0,0,0,0,0,0,0,0,0,0,1,0,0,0,0,0,0,0,0.0205263,0,1,0.0298507,1,1,0,0,0.1,0,0.180821,1
0,1,0,0.345865,0,0.183036,1,0,0,0,0,1,0,0,0,0,0,0,0,0,0,0,0,0,0,0,1,0,0,0,1,0,0,0,0,0,0,0,0,0,0.175439,1,0,0,1,1,0,0,0,0,0.721243,0
0,1,0,0.0350376,0,0.0119643,1,0,0,0,0,1,0,0,0,0,0,0,0,0,0,0,0,0,0,0,0,0,1,0,0,0,0,0,0,0,0,1,0,0,0,0,1,0.0149254,0,1,0,0,0.08,0,0.421234,1
1,0,0,0.122857,0,0.0178571,1,0,0,0,0,1,0,0,0,1,0,0,0,0,0,0,0,0,0,0,0,0,0,0,1,0,0,0,0,0,0,0,0,0,0.00438596,0,0,0,0,1,0,0,0.18,0,0,1
1,0,0,0.408571,0,0.0803571,0,1,0,0,0,0,1,0,0,0,0,0,0,0,0,0,0,0,0,1,0,0,0,0,0,1,0,0,0,0,0,0,0,0,0.350877,1,0,0,1,1,0,0,0.088,0,0,1
1,0,0,0.140301,0,0.0892857,1,0,0,0,0,1,0,0,0,0,0,0,0,0,0,0,0,0,0,0,0,0,1,0,0,0,0,0,0,0,0,1,0,0,0.00298246,0,0,0,1,1,0,0,0.05,0,0.72565,1
1,0,0,0.0839098,0,0.339286,1,0,0,0,0,1,0,0,0,0,0,0,0,0,0,0,0,1,0,0,0,0,0,0,1,0,0,0,0,0,0,0,0,0,0.0350877,1,0,0,1,1,0,0,0.03,0,0.521214,0
1,0,0,0.198045,0,0.0803571,1,0,0,0,0,1,0,0,0,0,0,0,1,0,0,0,0,0,0,0,0,0,0,0,0,0,1,0,0,0,0,0,0,0,0.0175439,0,0,0,1,1,0,0,0.32,0,0.721243,1
1,0,0,0.394737,0,0.232143,1,0,0,0,0,1,0,0,0,0,0,0,0,0,0,0,0,0,0,0,0,1,0,0,0,0,1,0,0,0,0,0,0,0,0.122807,1,1,0.0149254,0,1,0,0,0,0,0.540574,0
1,0,0,0.68797,0,0.0982143,1,0,0,0,0,1,0,0,0,0,0,0,0,0,0,0,0,0,1,0,0,0,0,0,1,0,0,0,0,0,0,0,0,0,0.0614035,1,1,0.0746269,1,1,0,0,0.03,0,0.354568,0
0,1,0,0.14782,0,0.0296429,1,0,0,0,0,1,0,0,0,0,0,0,0,0,0,0,0,1,0,0,0,0,0,0,1,0,0,0,0,0,0,0,0,0,0.0145614,0,1,0.0149254,1,1,0,0,0.1,0,0.216079,1
0,1,0,0.838346,0,0.214286,1,0,0,0,0,1,0,0,0,0,0,0,0,0,0,0,0,0,0,0,0,0,1,0,0,0,0,0,0,0,0,1,0,0,0,0,0,0,0,0,0,1,0,0,0,1
1,0,0,0.279398,0,0.125,1,0,0,0,0,1,0,0,0,0,0,0,0,0,1,0,0,0,0,0,0,0,0,0,1,0,0,0,0,0,0,0,0,0,0.0175439,0,0,0,1,1,0,0,0.116,0,0,1
0,1,0,0.279398,0,0.0192857,1,0,0,0,0,1,0,0,0,0,0,1,0,0,0,0,0,0,0,0,0,0,0,0,1,0,0,0,0,0,0,0,0,0,0.00140351,1,0,0,0,1,0,0,0.22,0,0.810583,0
1,0,0,0.134135,0,0.00589286,1,0,0,0,0,1,0,0,0,1,0,0,0,0,0,0,0,0,0,0,0,0,0,0,0,0,0,1,0,0,0,0,0,0,0.0789474,0,0,0,1,0,0,1,0,0,0,0
1,0,0,0.12406,0,0.279821,0,1,0,0,0,0,1,0,0,0,0,0,1,0,0,0,0,0,0,0,0,0,0,0,0,0,1,0,0,0,0,0,0,0,0.00578947,0,0,0,1,1,0,0,0,0,0,1
0,1,0,0.0989474,0,0.357143,1,0,0,0,0,1,0,0,0,1,0,0,0,0,0,0,0,0,0,0,0,0,0,0,0,1,0,0,0,0,0,0,0,0,0.0350877,1,1,0.0597015,0,1,0,0,0.025,0,0.633939,0
0,1,0,0.0664662,0,0.357143,0,1,0,0,0,0,1,0,0,0,0,0,0,0,0,0,0,1,0,0,0,0,0,0,0,1,0,0,0,0,0,0,0,0,0.00578947,0,0,0,0,1,0,0,0.17,0,0,1
0,1,0,0.0876692,0,0.02375,1,0,0,0,0,1,0,0,0,0,0,0,0,0,0,0,0,0,1,0,0,0,0,0,1,0,0,0,0,0,0,0,0,0,0.0584211,0,0,0,0,1,0,0,0.11,0,0.155805,1
1,0,0,0.344662,0,0.116071,1,0,0,0,0,1,0,0,0,0,0,0,0,0,0,0,0,1,0,0,0,0,0,0,0,1,0,0,0,0,0,0,0,0,0.315789,1,0,0,1,1,0,0,0.051,0,0.561867,0
1,0,0,0.0852632,0,0.232143,1,0,0,0,0,1,0,0,0,0,0,0,0,0,0,0,0,0,1,0,0,0,0,0,0,1,0,0,0,0,0,0,0,0,0.0512281,1,1,0.104478,0,1,0,0,0.04,0,0.694892,0
1,0,0,0.322105,0,0.160714,1,0,0,0,0,1,0,0,0,0,0,0,0,0,0,0,0,0,0,1,0,0,0,0,0,1,0,0,0,0,0,0,0,0,0.201754,0,0,0,1,0,0,1,0.3555,0,0,0
1,0,0,0.116541,0,0.410714,1,0,0,0,0,1,0,0,0,0,0,0,1,0,0,0,0,0,0,0,0,0,0,0,1,0,0,0,0,0,0,0,0,0,0.0175439,1,0,0,1,1,0,0,0.05,0,0.368183,1
1,0,0,0.246917,0,0.0178571,1,0,0,0,0,1,0,0,0,1,0,0,0,0,0,0,0,0,0,0,0,0,0,0,1,0,0,0,0,0,0,0,0,0,0.0614035,1,1,0.164179,0,1,0,0,0.016,0,0.547254,0
1,0,0,0.510075,0,0.0103571,1,0,0,0,0,1,0,0,0,1,0,0,0,0,0,0,0,0,0,0,0,0,0,0,0,0,1,0,0,0,0,0,0,0,0.526316,1,1,0.298507,0,1,0,0,0,0,0.836163,0
0,1,0,0.146617,0,0.321429,1,0,0,0,0,1,0,0,0,0,0,0,0,0,0,0,0,1,0,0,0,0,0,0,1,0,0,0,0,0,0,0,0,0,0.298246,1,1,0.0746269,1,1,0,0,0.06,0,0,0
1,0,0,0.160451,0,0.0714286,1,0,0,0,0,1,0,0,0,0,0,0,0,0,0,0,0,0,0,0,1,0,0,0,0,0,0,0,0,0,1,0,0,0,0.00578947,0,1,0.0298507,0,1,0,0,0.16,0,0.623556,1
1,0,0,0.121504,0,0.055,1,0,0,0,0,1,0,0,0,0,0,0,0,0,1,0,0,0,0,0,0,0,0,0,1,0,0,0,0,0,0,0,0,0,0.00298246,0,0,0,1,1,0,0,0.178,0,0,1
1,0,0,0.304511,0,0.181607,0,1,0,0,0,0,1,0,0,0,0,0,1,0,0,0,0,0,0,0,0,0,0,0,0,0,1,0,0,0,0,0,0,0,0.0380702,0,0,0,1,1,0,0,0.24,0,0,1
1,0,0,0.146617,0,0.0982143,1,0,0,0,0,1,0,0,0,0,0,0,0,0,0,0,0,0,0,0,0,0,1,0,0,0,0,0,0,0,0,1,0,0,0.157895,0,0,0,0,1,0,0,0.08,0,0.283313,1
1,0,0,0.357143,0,0.0401786,0,1,0,0,0,0,1,0,0,0,1,0,0,0,0,0,0,0,0,0,0,0,0,0,1,0,0,0,0,0,0,0,0,0,0.0526316,0,0,0,1,1,0,0,0.2155,0,0,0
0,1,0,0.671729,0,0.75,1,0,0,0,0,1,0,0,0,0,0,0,1,0,0,0,0,0,0,0,0,0,0,0,0,0,1,0,0,0,0,0,0,0,0.350877,1,1,0.19403,0,1,0,0,0,0,0.766088,0
1,0,0,1,0,0.196429,1,0,0,0,0,1,0,0,0,0,0,0,0,0,0,0,0,0,0,0,0,0,0,1,0,0,0,0,0,0,0,0,0,1,0.0189474,1,0,0,0,1,0,0,0,0,0.50712,1
0,1,0,0.253083,0,0.380893,1,0,0,0,0,1,0,0,0,0,0,0,0,0,0,0,0,1,0,0,0,0,0,0,0,1,0,0,0,0,0,0,0,0,0.00298246,0,1,0.179104,1,1,0,0,0.0645,0,0.120547,1
0,1,0,0,1,0.125,1,0,0,0,0,1,0,0,0,0,1,0,0,0,0,0,0,0,0,0,0,0,0,0,1,0,0,0,0,0,0,0,0,0,0.105263,1,0,0,1,1,0,0,0.15,0,0,1
0,0,1,0.278195,0,0.0535714,1,0,0,0,0,1,0,0,0,1,0,0,0,0,0,0,0,0,0,0,0,0,0,0,1,0,0,0,0,0,0,0,0,0,0.00877193,0,0,0,1,1,0,0,0.186,0,0.418451,1
0,1,0,0.177895,0,0,0,0,0,0,1,0,0,0,1,0,0,0,0,0,0,0,0,0,0,0,0,0,0,1,0,0,0,0,0,0,0,0,0,1,0,0,0,0,0,0,1,0,0,0,0,0
0,1,0,0.146617,0,0.0535714,1,0,0,0,0,1,0,0,0,0,0,0,0,0,0,0,0,0,1,0,0,0,0,0,1,0,0,0,0,0,0,0,0,0,0.0307018,0,0,0,1,1,0,0,0.08,0,0,1
0,1,0,0.106466,0,0.107143,1,0,0,0,0,1,0,0,0,0,0,0,0,0,0,0,0,0,0,0,0,1,0,0,1,0,0,0,0,0,0,0,0,0,0.00140351,1,0,0,0,1,0,0,0.05,0,0,0
1,0,0,0.10406,0,0.188929,1,0,0,0,0,1,0,0,0,0,0,0,0,0,0,0,0,1,0,0,0,0,0,0,1,0,0,0,0,0,0,0,0,0,0.0131579,1,1,0.0149254,0,1,0,0,0.08,0,0,1
0,1,0,0.334586,0,0.0357143,1,0,0,0,0,1,0,0,0,1,0,0,0,0,0,0,0,0,0,0,0,0,0,0,1,0,0,0,0,0,0,0,0,0,0.0701754,1,1,0.164179,0,1,0,0,0,0,0.532581,0
1,0,0,0.566466,0,0.00142857,1,0,0,0,0,1,0,0,0,0,0,0,0,0,0,0,0,0,0,1,0,0,0,0,0,1,0,0,0,0,0,0,0,0,0.00140351,1,0,0,0,1,0,0,0,0,0.696235,0
0,1,0,0.407218,0,0.357143,1,0,0,0,0,1,0,0,0,0,0,0,0,0,0,0,0,1,0,0,0,0,0,0,0,1,0,0,0,0,0,0,0,0,0.0614035,1,0,0,0,1,0,0,0.0145,0,0.585306,0
1,0,0,0.41609,0,0.178571,1,0,0,0,0,1,0,0,0,0,0,0,0,0,0,0,0,1,0,0,0,0,0,0,0,1,0,0,0,0,0,0,0,0,0.175439,1,1,0.0895522,1,1,0,0,0.235,0,0,0
1,0,0,0.278195,0,0.00589286,0,1,0,0,0,0,1,0,0,1,0,0,0,0,0,0,0,0,0,0,0,0,0,0,0,1,0,0,0,0,0,0,0,0,0.114035,1,1,0.0149254,1,1,0,0,0.216,0,0.781506,0
1,0,0,0.315789,0,0.535714,1,0,0,0,0,1,0,0,0,0,0,0,0,0,0,0,1,0,0,0,0,0,0,0,0,0,0,0,1,0,0,0,0,0,0.188596,1,1,0.134328,1,1,0,0,0,0,0.426546,0
1,0,0,0.263158,0,0.0401786,1,0,0,0,0,1,0,0,0,0,0,0,0,0,0,0,0,0,0,0,0,0,1,0,0,0,0,0,0,0,0,1,0,0,0,0,1,0.0149254,0,1,0,0,0.048,0,0.260498,1
1,0,0,0.0890226,0,0.357143,0,1,0,0,0,0,1,0,0,0,0,0,0,0,1,0,0,0,0,0,0,0,0,0,0,1,0,0,0,0,0,0,0,0,0.0292982,1,0,0,1,1,0,0,0.07,0,0,1
0,1,0,0.223008,0,0.0594643,1,0,0,0,0,1,0,0,0,0,0,0,0,0,0,0,0,1,0,0,0,0,0,0,1,0,0,0,0,0,0,0,0,0,0.0847368,1,0,0,1,1,0,0,0.22,0,0,1
0,0,1,0.29203,0,0.0803571,0,1,0,0,0,0,1,0,0,0,0,1,0,0,0,0,0,0,0,0,0,0,0,0,1,0,0,0,0,0,0,0,0,0,0.122807,0,0,0,1,1,0,0,0.1,0,0.430941,1
1,0,0,0.241805,0,0.0728571,0,1,0,0,0,0,1,0,0,0,0,0,0,0,0,0,0,0,0,1,0,0,0,0,0,1,0,0,0,0,0,0,0,0,0.00140351,0,0,0,0,1,0,0,0.064,0,0.0602737,1
1,0,0,0.171729,0,0.107143,1,0,0,0,0,1,0,0,0,1,0,0,0,0,0,0,0,0,0,0,0,0,0,0,1,0,0,0,0,0,0,0,0,0,0.0438596,0,1,0.0149254,0,1,0,0,0,0,0.272652,1
1,0,0,0.308271,0,0.0625,1,0,0,0,0,1,0,0,0,0,0,0,0,0,0,0,0,0,1,0,0,0,0,0,0,0,1,0,0,0,0,0,0,0,0.00877193,1,0,0,1,1,0,0,0.0815,0,0,1
1,0,0,0.374737,0,0.0075,1,0,0,0,0,1,0,0,0,0,0,0,0,0,1,0,0,0,0,0,0,0,0,0,1,0,0,0,0,0,0,0,0,0,0.00298246,1,0,0,1,1,0,0,0.14,0,0,0
0,1,0,0.675489,0,0.159286,1,0,0,0,0,1,0,0,0,0,0,0,0,0,0,0,0,1,0,0,0,0,0,0,0,1,0,0,0,0,0,0,0,0,0.106667,1,1,0.0895522,0,1,0,0,0.0215,0,0.550411,0
1,0,0,0.113985,0,0.375,1,0,0,0,0,1,0,0,0,1,0,0,0,0,0,0,0,0,0,0,0,0,0,0,1,0,0,0,0,0,0,0,0,0,0.105263,1,0,0,1,1,0,0,0,0,0,0
0,1,0,0.135338,0,0.220179,1,0,0,0,0,1,0,0,0,0,0,0,0,0,0,0,0,0,0,0,0,1,0,0,1,0,0,0,0,0,0,0,0,0,0.00578947,0,0,0,0,1,0,0,0.11,0,0.600761,1
1,0,0,0.354586,0,0.232143,1,0,0,0,0,1,0,0,0,0,0,0,0,0,0,1,0,0,0,0,0,0,0,0,0,1,0,0,0,0,0,0,0,0,0.149123,1,1,0.179104,1,1,0,0,0.0465,0,0,0
0,1,0,0.418496,0,0.0371429,1,0,0,0,0,1,0,0,0,0,0,0,0,0,0,0,0,0,0,0,0,1,0,0,1,0,0,0,0,0,0,0,0,0,0.0233333,0,0,0,0,1,0,0,0.12,0,0.47585,1
1,0,0,0.443609,0,0.900357,1,0,0,0,0,1,0,0,0,0,0,0,0,0,0,0,0,1,0,0,0,0,0,0,0,1,0,0,0,0,0,0,0,0,0.00736842,1,1,0.0149254,0,1,0,0,0.38,0,0.392249,1
1,0,0,0.150376,0,0.428571,1,0,0,0,0,1,0,0,0,1,0,0,0,0,0,0,0,0,0,0,0,0,0,0,1,0,0,0,0,0,0,0,0,0,0.0731579,0,0,0,0,0,0,1,0.04,0,0,1
1,0,0,0.646617,0,0.4375,1,0,0,0,0,1,0,0,0,0,0,0,0,0,0,1,0,0,0,0,0,0,0,0,1,0,0,0,0,0,0,0,0,0,0.0438596,1,1,0.0597015,1,1,0,0,0.1,0,0,0
1,0,0,0.176692,0,0.0133929,1,0,0,0,0,1,0,0,0,0,0,0,0,0,0,1,0,0,0,0,0,0,0,0,1,0,0,0,0,0,0,0,0,0,0.00877193,1,1,0.0447761,0,1,0,0,0.13,0,0.836787,0
0,1,0,0.290677,0,0.0580357,1,0,0,0,0,1,0,0,0,0,1,0,0,0,0,0,0,0,0,0,0,0,0,0,1,0,0,0,0,0,0,0,0,0,0.0189474,0,0,0,1,1,0,0,0,0,0,1
0,1,0,0.263158,0,0.133929,1,0,0,0,0,1,0,0,0,0,0,1,0,0,0,0,0,0,0,0,0,0,0,0,0,1,0,0,0,0,0,0,0,0,0.0219298,1,1,0.134328,1,1,0,0,0.0905,0,0,0
0,1,0,0.220602,0,0.125,1,0,0,0,0,1,0,0,0,0,0,0,0,0,0,0,0,0,1,0,0,0,0,0,1,0,0,0,0,0,0,0,0,0,0.0292982,1,0,0,0,0,0,1,0.14,0,0,0
1,0,0,0.269474,0,0.0296429,1,0,0,0,0,1,0,0,0,0,0,0,0,0,0,0,0,0,0,1,0,0,0,0,1,0,0,0,0,0,0,0,0,0,0.0468421,1,1,0.119403,1,1,0,0,0.1515,0,0.704256,0
1,0,0,0.253083,0,0.0967857,0,1,0,0,0,0,1,0,0,0,0,0,0,0,0,1,0,0,0,0,0,0,0,0,1,0,0,0,0,0,0,0,0,0,0.00438596,0,0,0,1,0,0,1,0.04,0,0,1
1,0,0,0.947368,0,0.796071,1,0,0,0,0,1,0,0,0,0,0,0,0,0,0,0,0,0,0,0,1,0,0,0,0,0,0,0,0,1,0,0,0,0,0.447368,1,1,0.0149254,1,1,0,0,0,0,0.408737,0
1,0,0,0.0526316,0,0.107143,1,0,0,0,0,1,0,0,0,0,0,0,0,0,1,0,0,0,0,0,0,0,0,0,1,0,0,0,0,0,0,0,0,0,0.00140351,0,0,0,1,1,0,0,0.08,0,0.322919,1
0,1,0,0.0777444,0,0.321429,1,0,0,0,0,1,0,0,0,0,0,0,0,0,0,0,0,0,0,0,0,1,0,0,1,0,0,0,0,0,0,0,0,0,0.0263158,1,1,0.0298507,0,1,0,0,0.044,0,0.555088,0
1,0,0,0.186767,0,0.00892857,1,0,0,0,0,1,0,0,0,0,0,0,1,0,0,0,0,0,0,0,0,0,0,0,0,0,1,0,0,0,0,0,0,0,0,1,0,0,1,1,0,0,0,0,0,0
0,1,0,0.224361,0,0.0371429,1,0,0,0,0,1,0,0,0,1,0,0,0,0,0,0,0,0,0,0,0,0,0,0,1,0,0,0,0,0,0,0,0,0,0.0877193,1,1,0.0746269,1,1,0,0,0.15,0,0.631837,0
1,0,0,0.0500752,0,0.00303571,0,1,0,0,0,0,1,0,0,1,0,0,0,0,0,0,0,0,0,0,0,0,0,0,1,0,0,0,0,0,0,0,0,0,0.00140351,0,0,0,0,1,0,0,0.07,0,0.57247,1
1,0,0,0.211729,0,0.0535714,1,0,0,0,0,1,0,0,0,0,0,0,0,0,0,0,0,0,1,0,0,0,0,0,1,0,0,0,0,0,0,0,0,0,0.0701754,1,1,0.164179,1,1,0,0,0.217,0,0.31161,0
1,0,0,0.225564,0,0.0535714,0,1,0,0,0,0,1,0,0,1,0,0,0,0,0,0,0,0,0,0,0,0,0,0,1,0,0,0,0,0,0,0,0,0,0.0526316,1,0,0,1,1,0,0,0,0,0.471351,1
1,0,0,0.0852632,0,0.258929,1,0,0,0,0,1,0,0,0,0,0,0,0,0,0,1,0,0,0,0,0,0,0,0,1,0,0,0,0,0,0,0,0,0,0.00140351,0,1,0.0149254,0,1,0,0,0.05,0,0.0602737,1
0,1,0,0.503759,0,0.0267857,1,0,0,0,0,1,0,0,0,0,0,0,0,0,0,0,0,1,0,0,0,0,0,0,0,1,0,0,0,0,0,0,0,0,0.0964912,1,1,0.0149254,0,1,0,0,0.1665,0,0.590834,0
1,0,0,0.387218,0,0.151786,1,0,0,0,0,1,0,0,0,1,0,0,0,0,0,0,0,0,0,0,0,0,0,0,0,0,1,0,0,0,0,0,0,0,0.22807,1,1,0.238806,0,1,0,0,0.0585,0,0.617322,0
1,0,0,0.055188,0,0.232143,1,0,0,0,0,1,0,0,0,0,0,0,1,0,0,0,0,0,0,0,0,0,0,0,1,0,0,0,0,0,0,0,0,0,0.00438596,0,0,0,0,1,0,0,0.03,0,0.401315,1
0,1,0,0.412331,0,0.232143,1,0,0,0,0,1,0,0,0,0,0,0,0,0,0,0,0,1,0,0,0,0,0,0,1,0,0,0,0,0,0,0,0,0,0.0175439,1,1,0.0447761,1,1,0,0,0.0725,0,0,0
0,1,0,0.369624,0,0.157679,1,0,0,0,0,1,0,0,0,1,0,0,0,0,0,0,0,0,0,0,0,0,0,0,1,0,0,0,0,0,0,0,0,0,0.00438596,0,0,0,0,1,0,0,0.08,0,0,1
1,0,0,0.418496,0,0.0625,1,0,0,0,0,1,0,0,0,0,0,0,0,0,1,0,0,0,0,0,0,0,0,0,1,0,0,0,0,0,0,0,0,0,0.00736842,1,0,0,0,1,0,0,0.08,0,0,1
1,0,0,0.662857,0,0.251429,1,0,0,0,0,1,0,0,0,0,0,0,0,0,0,1,0,0,0,0,0,0,0,0,1,0,0,0,0,0,0,0,0,0,0.491228,1,1,0.0895522,1,1,0,0,0.18,0,0.625668,0
0,1,0,0.105263,0,0.369107,1,0,0,0,0,1,0,0,0,0,0,1,0,0,0,0,0,0,0,0,0,0,0,0,0,1,0,0,0,0,0,0,0,0,0.0117544,1,1,0.0149254,1,1,0,0,0.04,0,0.341898,0
1,0,0,0.458647,0,0.392857,0,1,0,0,0,0,1,0,0,0,1,0,0,0,0,0,0,0,0,0,0,0,0,0,1,0,0,0,0,0,0,0,0,0,0.0526316,1,0,0,0,0,0,1,0,0,0,1
1,0,0,0.29203,0,0.113036,0,1,0,0,0,0,1,0,0,0,0,0,0,0,0,0,0,0,0,1,0,0,0,0,1,0,0,0,0,0,0,0,0,0,0.111053,1,1,0.0447761,1,1,0,0,0.19,0,0,0
1,0,0,0.318346,0,0.178571,1,0,0,0,0,1,0,0,0,0,0,0,0,0,0,0,0,0,0,1,0,0,0,0,0,1,0,0,0,0,0,0,0,0,0.263158,1,1,0.0895522,1,1,0,0,0,0,0.600761,0
1,0,0,0.313233,0,0,0,0,0,0,1,0,0,0,1,0,0,0,0,0,0,0,0,0,0,0,0,0,0,1,0,0,0,0,0,0,0,0,0,1,0,0,0,0,0,0,1,0,0,0,0,1
1,0,0,0.126617,0,0.0208929,0,1,0,0,0,0,1,0,0,0,0,0,0,0,0,0,0,0,0,0,0,0,1,0,0,0,0,0,0,0,0,1,0,0,0,0,0,0,0,1,0,0,0.05,0,0,1
0,1,0,0.0676692,0,0.357143,1,0,0,0,0,1,0,0,0,0,0,0,0,0,0,0,0,0,1,0,0,0,0,0,1,0,0,0,0,0,0,0,0,0,0.0350877,0,1,0.0149254,0,1,0,0,0.06,0,0.0602737,1
0,1,0,0.120301,0,0.0625,0,1,0,0,0,0,1,0,0,0,0,0,0,1,0,0,0,0,0,0,0,0,0,0,0,0,0,1,0,0,0,0,0,0,0,0,0,0,0,1,0,0,0.08,0,0,1
1,0,0,0.412331,0,0.0446429,0,1,0,0,0,0,1,0,0,0,0,0,0,0,0,0,0,0,1,0,0,0,0,0,1,0,0,0,0,0,0,0,0,0,0.00877193,0,0,0,0,1,0,0,0,0,0.458966,1
0,1,0,0.37594,0,0.0535714,1,0,0,0,0,1,0,0,0,0,0,0,0,0,0,0,0,0,0,0,0,0,1,0,0,0,0,0,0,0,0,1,0,0,0,0,0,0,0,1,0,0,0.038,0,0,1
1,0,0,0.437293,0,0.165179,1,0,0,0,0,1,0,0,0,0,0,0,0,0,0,0,0,1,0,0,0,0,0,0,1,0,0,0,0,0,0,0,0,0,0.160702,1,0,0,0,0,0,1,0,0,0,0
1,0,0,0.641654,0,1,0,1,0,0,0,0,1,0,0,1,0,0,0,0,0,0,0,0,0,0,0,0,0,0,1,0,0,0,0,0,0,0,0,0,1,1,1,0.597015,0,1,0,0,0,0,0.241095,0
1,0,0,0.52,0,0.428571,1,0,0,0,0,1,0,0,0,0,0,0,0,0,0,1,0,0,0,0,0,0,0,0,1,0,0,0,0,0,0,0,0,0,0.561404,1,0,0,0,0,0,1,0.055,0,0,0
0,1,0,0.142857,0,0.209821,1,0,0,0,0,1,0,0,0,0,0,0,0,0,0,0,0,1,0,0,0,0,0,0,1,0,0,0,0,0,0,0,0,0,0.111228,1,1,0.149254,0,1,0,0,0.06,0,0.478724,0
0,1,0,0.159098,0,0.0892857,0,1,0,0,0,0,1,0,0,0,0,0,1,0,0,0,0,0,0,0,0,0,0,0,0,0,1,0,0,0,0,0,0,0,0.157895,0,0,0,0,1,0,0,0.1,0,0.532581,1
0,1,0,0.120301,0,0.419643,1,0,0,0,0,1,0,0,0,1,0,0,0,0,0,0,0,0,0,0,0,0,0,0,1,0,0,0,0,0,0,0,0,0,0.00877193,0,0,0,1,1,0,0,0.09,0,0,1
1,0,0,0.0500752,0,0.1175,1,0,0,0,0,1,0,0,0,0,0,0,1,0,0,0,0,0,0,0,0,0,0,0,1,0,0,0,0,0,0,0,0,0,0.0117544,0,0,0,1,1,0,0,0.07,0,0.0955315,1
1,0,0,0.307068,0,0.0982143,1,0,0,0,0,1,0,0,0,0,0,0,1,0,0,0,0,0,0,0,0,0,0,0,0,0,1,0,0,0,0,0,0,0,0.0877193,0,0,0,1,1,0,0,0.116,0,0.461157,1
1,0,0,0.382256,0,0.0892857,0,1,0,0,0,0,1,0,0,0,0,0,1,0,0,0,0,0,0,0,0,0,0,0,0,1,0,0,0,0,0,0,0,0,0.350877,0,0,0,1,0,0,1,0.1,0,0,1
0,0,1,0.161654,0,0.455357,1,0,0,0,0,1,0,0,0,1,0,0,0,0,0,0,0,0,0,0,0,0,0,0,0,0,1,0,0,0,0,0,0,0,0.166667,1,1,0.0298507,0,1,0,0,0.0365,0,0.530267,0
1,0,0,0.613985,0,0.33625,1,0,0,0,0,1,0,0,0,0,0,0,0,0,0,0,0,0,0,0,0,0,1,0,0,0,0,0,0,0,0,1,0,0,0.505789,1,1,0.164179,1,1,0,0,0.015,0,0.49627,0
1,0,0,0.186767,0,0.446429,0,1,0,0,0,0,1,0,0,0,0,0,0,0,1,0,0,0,0,0,0,0,0,0,0,1,0,0,0,0,0,0,0,0,0.0438596,0,0,0,1,1,0,0,0,0,0.251337,1
1,0,0,0.0664662,0,0.366071,1,0,0,0,0,1,0,0,0,1,0,0,0,0,0,0,0,0,0,0,0,0,0,0,0,1,0,0,0,0,0,0,0,0,0.0380702,0,0,0,0,1,0,0,0.16,0,0.229483,1
1,0,0,0.307068,0,0.3275,1,0,0,0,0,1,0,0,0,1,0,0,0,0,0,0,0,0,0,0,0,0,0,0,1,0,0,0,0,0,0,0,0,0,0.157895,1,1,0.179104,1,1,0,0,0,0,0.469798,0
0,1,0,0.165414,0,0.446429,1,0,0,0,0,1,0,0,0,0,0,0,0,0,0,0,0,0,0,0,0,1,0,0,1,0,0,0,0,0,0,0,0,0,0.0526316,1,1,0.179104,1,1,0,0,0.06,0,0.551489,0
0,1,0,0.161654,0,0.0625,0,1,0,0,0,0,1,0,0,1,0,0,0,0,0,0,0,0,0,0,0,0,0,0,1,0,0,0,0,0,0,0,0,0,0.00578947,0,0,0,0,1,0,0,0.066,0,0,1
1,0,0,0.674135,0,0.0967857,1,0,0,0,0,1,0,0,0,1,0,0,0,0,0,0,0,0,0,0,0,0,0,0,1,0,0,0,0,0,0,0,0,0,0.0847368,0,0,0,1,1,0,0,0.16,0,0,1
1,0,0,0.211729,0,0.055,1,0,0,0,0,1,0,0,0,0,0,0,0,0,0,0,0,0,1,0,0,0,0,0,1,0,0,0,0,0,0,0,0,0,0.131579,1,1,0.0746269,1,1,0,0,0.05,0,0.120547,0
1,0,0,0.14782,0,0.0639286,1,0,0,0,0,1,0,0,0,1,0,0,0,0,0,0,0,0,0,0,0,0,0,0,1,0,0,0,0,0,0,0,0,0,0.0189474,0,0,0,1,1,0,0,0.068,0,0.0602737,1
1,0,0,0.121504,0,0.392857,1,0,0,0,0,1,0,0,0,0,0,0,0,0,0,0,0,0,0,1,0,0,0,0,1,0,0,0,0,0,0,0,0,0,0.0101754,1,1,0.0895522,0,1,0,0,0.0605,0,0,0
0,1,0,0.0777444,0,0.330357,0,1,0,0,0,0,1,0,0,1,0,0,0,0,0,0,0,0,0,0,0,0,0,0,1,0,0,0,0,0,0,0,0,0,0.0350877,1,1,0.0597015,1,1,0,0,0.04,0,0.540574,0
1,0,0,0.101504,0,0.357143,0,1,0,0,0,0,1,0,0,1,0,0,0,0,0,0,0,0,0,0,0,0,0,0,1,0,0,0,0,0,0,0,0,0,0.0877193,1,0,0,0,0,0,1,0.02,0,0,0
1,0,0,0.286917,0,0.0892857,1,0,0,0,0,1,0,0,0,0,0,1,0,0,0,0,0,0,0,0,0,0,0,0,0,1,0,0,0,0,0,0,0,0,0.0964912,1,1,0.0895522,0,1,0,0,0.08,0,0.664065,0
1,0,0,0.113985,0,0.267857,1,0,0,0,0,1,0,0,0,0,0,0,0,0,0,0,0,0,0,0,0,1,0,0,1,0,0,0,0,0,0,0,0,0,0.0496491,1,1,0.0149254,0,1,0,0,0.04,0,0.799151,0
0,0,1,0.216842,0,0.0208929,1,0,0,0,0,1,0,0,0,0,0,0,0,0,0,0,0,0,0,0,0,1,0,0,1,0,0,0,0,0,0,0,0,0,0.00140351,0,0,0,0,1,0,0,0.13,0,0.601108,1
1,0,0,0.224361,0,0.517857,1,0,0,0,0,1,0,0,0,0,1,0,0,0,0,0,0,0,0,0,0,0,0,0,1,0,0,0,0,0,0,0,0,0,0.00438596,0,0,0,0,1,0,0,0,0,0.492129,1
0,1,0,0.155338,0,0.0178571,1,0,0,0,0,1,0,0,0,0,0,0,0,0,0,0,0,1,0,0,0,0,0,0,0,1,0,0,0,0,0,0,0,0,0.0438596,1,1,0.0149254,0,1,0,0,0,0,0.567011,0
1,0,0,0.378496,0,0.0625,1,0,0,0,0,1,0,0,0,0,0,0,0,0,1,0,0,0,0,0,0,0,0,0,1,0,0,0,0,0,0,0,0,0,0.0175439,0,0,0,1,1,0,0,0.15,0,0.0955315,1
0,1,0,0.172932,0,0.446429,1,0,0,0,0,1,0,0,0,0,1,0,0,0,0,0,0,0,0,0,0,0,0,0,1,0,0,0,0,0,0,0,0,0,0.0350877,0,0,0,1,1,0,0,0.09,0,0.605987,1
1,0,0,0.0815038,0,0.339286,1,0,0,0,0,1,0,0,0,0,0,0,0,0,0,0,0,0,1,0,0,0,0,0,1,0,0,0,0,0,0,0,0,0,0.0526316,1,0,0,0,1,0,0,0.06,0,0.669512,0
1,0,0,0.403459,0,0.0535714,1,0,0,0,0,1,0,0,0,0,0,0,1,0,0,0,0,0,0,0,0,0,0,0,0,0,1,0,0,0,0,0,0,0,0,0,0,0,0,0,0,1,0.15,0,0,1
1,0,0,0.342105,0,0.151786,1,0,0,0,0,1,0,0,0,0,0,0,0,0,0,0,0,1,0,0,0,0,0,0,1,0,0,0,0,0,0,0,0,0,0.122807,0,0,0,0,1,0,0,0.227,0,0.341898,1
1,0,0,0.337143,0,0.647321,1,0,0,0,0,1,0,0,0,0,0,0,0,0,0,0,0,0,1,0,0,0,0,0,1,0,0,0,0,0,0,0,0,0,0.00298246,0,0,0,0,1,0,0,0.16,0,0.710917,1
1,0,0,0.736842,0,0.25,1,0,0,0,0,1,0,0,0,0,0,0,0,0,0,0,0,0,0,0,1,0,0,0,0,0,0,0,0,1,0,0,0,0,0,0,0,0,0,1,0,0,0,0,0.223039,1
1,0,0,0.131579,0,0.00446429,0,1,0,0,0,0,1,0,0,0,0,0,0,0,1,0,0,0,0,0,0,0,0,0,1,0,0,0,0,0,0,0,0,0,0.00438596,0,0,0,0,1,0,0,0.1,0,0.370668,1
1,0,0,0.199248,0,0.0267857,1,0,0,0,0,1,0,0,0,1,0,0,0,0,0,0,0,0,0,0,0,0,0,0,0,1,0,0,0,0,0,0,0,0,0.149123,1,1,0.0447761,1,1,0,0,0.156,0,0.436285,0
1,0,0,0.408571,0,0.0178571,0,1,0,0,0,0,1,0,0,0,0,0,0,0,0,1,0,0,0,0,0,0,0,0,1,0,0,0,0,0,0,0,0,0,0.0175439,0,0,0,1,1,0,0,0.065,0,0,1
0,1,0,0.100301,0,0.0298214,1,0,0,0,0,1,0,0,0,0,0,0,0,0,0,0,0,1,0,0,0,0,0,0,1,0,0,0,0,0,0,0,0,0,0.055614,1,1,0.0149254,0,1,0,0,0,0,0,0
1,0,0,0.254436,0,0.0892857,1,0,0,0,0,1,0,0,0,0,0,1,0,0,0,0,0,0,0,0,0,0,0,0,0,1,0,0,0,0,0,0,0,0,0.0789474,0,0,0,1,0,0,1,0.17,0,0,1
1,0,0,0.199248,0,0.0535714,0,1,0,0,0,0,1,0,0,0,0,0,0,0,0,0,0,0,1,0,0,0,0,0,1,0,0,0,0,0,0,0,0,0,0.0131579,1,0,0,1,1,0,0,0.13,0,0.606232,0
1,0,0,0.214286,0,0.107143,1,0,0,0,0,1,0,0,0,0,0,0,0,0,0,0,0,0,1,0,0,0,0,0,1,0,0,0,0,0,0,0,0,0,0.0263158,0,0,0,1,1,0,0,0.15,0,0.366914,1
0,1,0,0.14782,0,0.410714,0,1,0,0,0,0,1,0,0,0,0,0,0,0,1,0,0,0,0,0,0,0,0,0,0,1,0,0,0,0,0,0,0,0,0.105263,0,0,0,1,1,0,0,0.01,0,0.246366,1
0,1,0,0.105263,0,0.340714,1,0,0,0,0,1,0,0,0,0,0,0,1,0,0,0,0,0,0,0,0,0,0,0,1,0,0,0,0,0,0,0,0,0,0.00140351,0,0,0,0,1,0,0,0.1,0,0.600761,1
0,1,0,0.165414,0,0.488036,1,0,0,0,0,1,0,0,0,0,0,0,0,0,0,0,0,1,0,0,0,0,0,0,0,1,0,0,0,0,0,0,0,0,0.0526316,0,0,0,0,1,0,0,0.14,0,0.0602737,1
1,0,0,0.0702256,0,0.371964,0,1,0,0,0,0,1,0,0,0,0,0,0,0,0,0,0,0,0,0,0,1,0,0,1,0,0,0,0,0,0,0,0,0,0.00438596,1,0,0,0,1,0,0,0.06,0,0.515616,1
1,0,0,0.214286,0,0.0714286,1,0,0,0,0,1,0,0,0,0,0,0,0,0,1,0,0,0,0,0,0,0,0,0,0,1,0,0,0,0,0,0,0,0,0.14614,1,1,0.0298507,1,1,0,0,0.0905,0,0,0
0,1,0,0.106466,0,0.303571,1,0,0,0,0,1,0,0,0,1,0,0,0,0,0,0,0,0,0,0,0,0,0,0,1,0,0,0,0,0,0,0,0,0,0.00578947,0,0,0,0,1,0,0,0,0,0.509881,1
1,0,0,0.518797,0,0.895893,1,0,0,0,0,1,0,0,0,0,0,0,0,0,0,0,0,0,1,0,0,0,0,0,1,0,0,0,0,0,0,0,0,0,0.0614035,1,1,0.0447761,0,1,0,0,0.06,0,0.235483,0
1,0,0,0.141654,0,0.397321,1,0,0,0,0,1,0,0,0,0,0,0,0,0,0,0,0,0,0,1,0,0,0,0,0,1,0,0,0,0,0,0,0,0,0.0161404,1,1,0.0149254,0,1,0,0,0.05,0,0,0
0,1,0,0.869624,0,0,0,0,0,0,1,0,0,0,1,0,0,0,0,0,0,0,0,0,0,0,0,0,0,1,0,0,0,0,0,0,0,0,0,1,0,0,0,0,0,0,1,0,0,0,0,0
1,0,0,0.581504,0,0.0535714,1,0,0,0,0,1,0,0,0,0,1,0,0,0,0,0,0,0,0,0,0,0,0,0,1,0,0,0,0,0,0,0,0,0,0.131579,0,0,0,1,1,0,0,0,0,0.509634,1
0,1,0,0.469925,0,0.16375,1,0,0,0,0,1,0,0,0,0,0,0,0,0,1,0,0,0,0,0,0,0,0,0,0,1,0,0,0,0,0,0,0,0,0.0350877,0,0,0,1,0,0,1,0.12,0,0,1
1,0,0,0.073985,0,0.178571,1,0,0,0,0,1,0,0,0,0,0,0,0,0,0,0,0,1,0,0,0,0,0,0,1,0,0,0,0,0,0,0,0,0,0.0131579,1,1,0.0298507,0,1,0,0,0,0,0.318571,1
1,0,0,0.454887,0,0.0714286,1,0,0,0,0,1,0,0,0,0,0,0,0,0,0,1,0,0,0,0,0,0,0,0,1,0,0,0,0,0,0,0,0,0,0.0614035,1,1,0.0298507,1,1,0,0,0,0,0.241095,0
1,0,0,0.179248,0,0.0103571,0,1,0,0,0,0,1,0,0,1,0,0,0,0,0,0,0,0,0,0,0,0,0,0,1,0,0,0,0,0,0,0,0,0,0.0526316,0,0,0,1,1,0,0,0.08,0,0,1
1,0,0,0.156692,0,0.03125,1,0,0,0,0,1,0,0,0,0,0,0,0,0,0,0,0,1,0,0,0,0,0,0,1,0,0,0,0,0,0,0,0,0,0.162281,1,1,0.0298507,1,1,0,0,0.26,0,0.660992,0
1,0,0,0.502556,0,0.208393,1,0,0,0,0,1,0,0,0,0,0,0,0,0,0,0,0,0,1,0,0,0,0,0,1,0,0,0,0,0,0,0,0,0,0.192982,0,0,0,0,1,0,0,0.2325,0,0.436285,1
0,1,0,0.0876692,0,0.02375,0,1,0,0,0,0,1,0,0,1,0,0,0,0,0,0,0,0,0,0,0,0,0,0,1,0,0,0,0,0,0,0,0,0,0.0350877,0,1,0.0149254,0,1,0,0,1,0,0.0955315,1
1,0,0,0.112782,0,0.0535714,1,0,0,0,0,1,0,0,0,0,0,0,0,0,0,0,0,0,1,0,0,0,0,0,1,0,0,0,0,0,0,0,0,0,0.0526316,0,0,0,0,1,0,0,0.075,0,0.191063,0
0,1,0,0.105263,0,0.366071,1,0,0,0,0,1,0,0,0,0,0,0,0,0,0,0,0,1,0,0,0,0,0,0,1,0,0,0,0,0,0,0,0,0,0.0249123,1,1,0.0298507,1,1,0,0,0.0245,0,0,0
1,0,0,0.183008,0,0.03125,1,0,0,0,0,1,0,0,0,0,0,0,0,0,1,0,0,0,0,0,0,0,0,0,1,0,0,0,0,0,0,0,0,0,0.0131579,0,1,0.0298507,1,1,0,0,0.087,0,0.120547,1
0,1,0,0.651579,0,0.696429,1,0,0,0,0,1,0,0,0,1,0,0,0,0,0,0,0,0,0,0,0,0,0,0,1,0,0,0,0,0,0,0,0,0,0.192982,1,1,0.104478,0,1,0,0,0,0,0.696235,0
0,1,0,0.0815038,0,0.0208929,0,1,0,0,0,0,1,0,0,0,0,0,0,0,0,0,0,0,0,0,0,1,0,0,1,0,0,0,0,0,0,0,0,0,0.0205263,1,0,0,1,1,0,0,0.08,0,0,1
0,1,0,0.16797,0,0.0446429,1,0,0,0,0,1,0,0,0,0,0,0,0,0,0,0,0,0,0,0,0,0,1,0,0,0,0,0,0,0,0,1,0,0,0,1,0,0,0,1,0,0,0.04,0,0,1
0,1,0,0.573985,0,0.232143,1,0,0,0,0,1,0,0,0,0,0,0,1,0,0,0,0,0,0,0,0,0,0,0,0,0,1,0,0,0,0,0,0,0,0.108246,0,0,0,1,1,0,0,0.0365,0,0,1
0,1,0,0.238045,0,0.0625,0,1,0,0,0,0,1,0,0,0,0,0,0,0,1,0,0,0,0,0,0,0,0,0,1,0,0,0,0,0,0,0,0,0,0.0438596,0,0,0,1,1,0,0,0.14,0,0,1
1,0,0,0,1,0.142857,0,1,0,0,0,0,1,0,0,0,0,0,1,0,0,0,0,0,0,0,0,0,0,0,1,0,0,0,0,0,0,0,0,0,0.00298246,0,0,0,1,1,0,0,0.2055,0,0,1
1,0,0,0.218045,0,0.183036,1,0,0,0,0,1,0,0,0,0,0,0,0,0,0,0,0,0,0,1,0,0,0,0,1,0,0,0,0,0,0,0,0,0,0.166667,1,1,0.0298507,0,1,0,0,0.21,0,0.180821,0
1,0,0,0.093985,0,0.25,1,0,0,0,0,1,0,0,0,1,0,0,0,0,0,0,0,0,0,0,0,0,0,0,1,0,0,0,0,0,0,0,0,0,0.0175439,0,0,0,0,1,0,0,0,0,0,1
1,0,0,0.171729,0,0.214286,1,0,0,0,0,1,0,0,0,1,0,0,0,0,0,0,0,0,0,0,0,0,0,0,1,0,0,0,0,0,0,0,0,0,0.0350877,1,1,0.0447761,0,1,0,0,0,0,0,0
0,1,0,0.45985,0,0,1,0,0,0,0,1,0,0,0,1,0,0,0,0,0,0,0,0,0,0,0,0,0,0,1,0,0,0,0,0,0,0,0,0,0.0877193,1,0,0,0,1,0,0,0,0,0,0
1,0,0,0.265714,0,0.553571,1,0,0,0,0,1,0,0,0,1,0,0,0,0,0,0,0,0,0,0,0,0,0,0,1,0,0,0,0,0,0,0,0,0,0.0175439,1,0,0,0,1,0,0,0.06,0,0,1
1,0,0,0.307068,0,0.055,1,0,0,0,0,1,0,0,0,0,0,1,0,0,0,0,0,0,0,0,0,0,0,0,1,0,0,0,0,0,0,0,0,0,0.0540351,1,1,0.0149254,1,1,0,0,0.26,0,0.940852,0
0,1,0,0.170376,0,0.0907143,0,1,0,0,0,0,1,0,0,0,0,0,0,0,0,0,0,0,0,0,0,1,0,0,1,0,0,0,0,0,0,0,0,0,0.00877193,1,0,0,1,1,0,0,0.185,0,0,0
1,0,0,0.10406,0,0.0446429,0,1,0,0,0,0,1,0,0,1,0,0,0,0,0,0,0,0,0,0,0,0,0,0,0,1,0,0,0,0,0,0,0,0,0.0482456,1,1,0.0447761,1,1,0,0,0.07,0,0.465379,1
1,0,0,0.275639,0,0.142857,1,0,0,0,0,1,0,0,0,0,0,0,0,0,0,1,0,0,0,0,0,0,0,0,1,0,0,0,0,0,0,0,0,0,0.0877193,1,0,0,1,1,0,0,0.18,0,0,0
1,0,0,0.111579,0,0.00892857,0,1,0,0,0,0,1,0,0,1,0,0,0,0,0,0,0,0,0,0,0,0,0,0,0,1,0,0,0,0,0,0,0,0,0.00877193,0,0,0,0,1,0,0,0.14,0,0.46287,1
0,1,0,0.223008,0,0.133929,1,0,0,0,0,1,0,0,0,1,0,0,0,0,0,0,0,0,0,0,0,0,0,0,1,0,0,0,0,0,0,0,0,0,0.00877193,0,1,0.0149254,1,1,0,0,0.02,0,0.438559,1
0,1,0,0.368421,0,0.214286,1,0,0,0,0,1,0,0,0,0,0,0,0,0,1,0,0,0,0,0,0,0,0,0,1,0,0,0,0,0,0,0,0,0,0.0350877,1,0,0,1,1,0,0,0,0,0,0
0,1,0,0.484962,0,0.142857,1,0,0,0,0,1,0,0,0,0,0,0,0,1,0,0,0,0,0,0,0,0,0,0,0,0,0,1,0,0,0,0,0,0,0,1,0,0,0,1,0,0,0.05,0,0.597215,0
1,0,0,0.432331,0,0.175536,0,1,0,0,0,0,1,0,0,0,0,0,0,0,0,0,0,0,1,0,0,0,0,0,1,0,0,0,0,0,0,0,0,0,0.111053,1,0,0,1,1,0,0,0.026,0,0.632563,0
1,0,0,0.139098,0,0.0267857,1,0,0,0,0,1,0,0,0,0,0,0,0,0,0,1,0,0,0,0,0,0,0,0,1,0,0,0,0,0,0,0,0,0,0.0175439,1,0,0,1,0,0,1,0.16,0,0,1
1,0,0,0.233083,0,0.528214,1,0,0,0,0,1,0,0,0,0,0,0,0,0,0,0,0,0,0,0,0,1,0,0,1,0,0,0,0,0,0,0,0,0,0.176842,1,1,0.0746269,1,1,0,0,0.084,0,0,0
1,0,0,0.260602,0,0.0535714,0,1,0,0,0,0,1,0,0,0,0,0,0,0,0,0,0,0,1,0,0,0,0,0,1,0,0,0,0,0,0,0,0,0,0.00140351,0,0,0,0,0,0,1,0.08,0,0,1
1,0,0,0.357143,0,0.0298214,1,0,0,0,0,1,0,0,0,0,0,0,0,0,0,0,0,0,0,0,1,0,0,0,1,0,0,0,0,0,0,0,0,0,0.00140351,0,0,0,0,1,0,0,0.06,0,0.155805,1
1,0,0,0.0338346,0,0.111607,1,0,0,0,0,1,0,0,0,0,0,0,0,0,0,0,0,0,1,0,0,0,0,0,1,0,0,0,0,0,0,0,0,0,0.00298246,0,1,0.0149254,0,1,0,0,0,0,0.16921,1
